No	区分	キーワード	SEO難易度	月間検索数	判定	検索意図	テーマ	記事の方向性	ページ種類	トピック	ページグループ	想定ページタイトル	観点	トピカル貢献	ページ役割
1	＋	リフォームローン	57	14800	記事	Do（リフォームローンの書式を確認したい）	書類・手続き	解説	ハウツー記事	書式	リフォームローン_書式		権威構築	補足
2	＋	リフォームローン 金利	57	3600	記事	Know（リフォームローンの金利を比較したい）	比較・検討	比較・解説	ガイド記事	金利比較	リフォームローン_金利比較		権威構築	補足
3	＋	リフォームローン おすすめ	53	1600	記事	Buy（最適なリフォームローンを選びたい）	比較・検討	比較・解説	比較記事	おすすめ比較	リフォームローン_おすすめ比較		権威構築	補足
4	＋	リフォームローン 控除	30	1000	記事	Know（リフォームローン控除を理解したい）	控除・特例	解説	解説記事	控除・減税	リフォームローン控除	リフォームローンの控除・軽減措置まとめ	権威構築	必須	解説記事
5	＋	リフォームローン シミュレーション	33	1000	計算ページ	Do（リフォームローンをシミュレーションしたい）	計算方法	実務ガイド	計算ツール		リフォームローン計算	リフォームローンの計算方法・シミュレーション	ツール集客	必須	計算ツール
6	＋	リフォームローン ろうきん	55	720	記事	Do（リフォームローンの書式を確認したい）	書類・手続き	解説	ハウツー記事	書式	リフォームローン_書式		権威構築	補足
7	＋	リフォームローン 住宅ローン控除	31	210	記事	Know（リフォームローン控除を理解したい）	控除・特例	解説	解説記事	控除・減税	リフォームローン控除	リフォームローンの控除・軽減措置まとめ	権威構築	必須	解説記事
8	＋	リフォームローン 年末調整	48	90	記事	Know（リフォームローン控除を理解したい）	控除・特例	解説	解説記事	控除・減税	リフォームローン_控除・減税		権威構築	補足
9	＋	リフォームローン 楽天	58	480	記事	Do（リフォームローンの書式を確認したい）	書類・手続き	解説	ハウツー記事	書式	リフォームローン_書式		権威構築	補足
10	＋	リフォームローン金利 安い	33	320	記事	Know（リフォームローンの金利を比較したい）	比較・検討	比較・解説	ガイド記事	金利比較	リフォームローン_金利比較		権威構築	補足
11	＋	リフォームローン ja	44	1600	記事	Do（リフォームローンの書式を確認したい）	書類・手続き	解説	ハウツー記事	書式	リフォームローン_書式		権威構築	補足
12	＋	リフォームローン 金利 安い	33	320	記事	Know（リフォームローンの金利を比較したい）	比較・検討	比較・解説	ガイド記事	金利比較	リフォームローン_金利比較		権威構築	補足
13	＋＋	リフォームローン 金利 最安値	53	320	記事	Know（リフォームローンの金利を比較したい）	比較・検討	比較・解説	ガイド記事	金利比較	リフォームローン_金利比較		権威構築	補足
14	＋＋	リフォームローン 金利0	28	480	記事	Know（リフォームローンの金利を比較したい）	比較・検討	比較・解説	ガイド記事	金利比較	リフォームローン_金利比較		権威構築	補足
15	＋＋	リフォームローン 金利 相場	33	170	記事	Know（リフォームローンの金利を比較したい）	比較・検討	比較・解説	ガイド記事	金利比較	リフォームローン_金利比較		権威構築	補足
16	＋＋	リフォームローン 金利 比較	33	110	記事	Know（リフォームローンの金利を比較したい）	比較・検討	比較・解説	ガイド記事	金利比較	リフォームローン_金利比較		権威構築	補足
17	＋＋	リフォームローン 金利 ろうきん	56	90	記事	Know（リフォームローンの金利を比較したい）	比較・検討	比較・解説	ガイド記事	金利比較	リフォームローン_金利比較		権威構築	補足
18	＋＋	リフォームローン 金利 計算方法	33	30	計算ページ	Do（リフォームローンをシミュレーションしたい）	計算方法	実務ガイド	計算ツール		リフォームローン計算	リフォームローンの計算方法・シミュレーション	ツール集客	必須	計算ツール
19	＋＋	リフォームローン 金利 ja	29	210	記事	Know（リフォームローンの金利を比較したい）	比較・検討	比較・解説	ガイド記事	金利比較	リフォームローン_金利比較		権威構築	補足
20	＋＋	リフォームローン 金利 固定	N/A	10	記事	Know（リフォームローンの金利を比較したい）	比較・検討	比較・解説	ガイド記事	金利比較	リフォームローン_金利比較		権威構築	補足
21	＋＋	リフォームローン おすすめ 関西	33	0	削除			解説		検索なし			対象外	不要
22	＋＋	リフォームローン おすすめ 福岡	N/A	0	削除			解説		検索なし			対象外	不要
23	＋＋	リフォームローン おすすめランキング	N/A	0	削除			解説		検索なし			対象外	不要
24	＋＋	リフォームローン おすすめ 北海道	N/A	0	削除			解説		検索なし			対象外	不要
25	＋＋	リフォームローン 金利 おすすめ	56	0	削除			解説		検索なし			対象外	不要
26	＋＋	リフォームローン 固定金利 おすすめ	N/A	0	削除			解説		検索なし			対象外	不要
27	＋＋	リフォームローン 控除 年末調整	51	10	記事	Know（リフォームローン控除を理解したい）	控除・特例	解説	解説記事	控除・減税	リフォームローン控除	リフォームローンの控除・軽減措置まとめ	権威構築	必須	解説記事
28	＋＋	リフォームローン 控除 条件	50	70	記事	Know（リフォームローン控除を理解したい）	控除・特例	解説	解説記事	控除・減税	リフォームローン控除	リフォームローンの控除・軽減措置まとめ	権威構築	必須	解説記事
29	＋＋	リフォームローン 控除 いくら	50	10	記事	Know（リフォームローン控除を理解したい）	計算方法	解説	解説記事	控除・減税	リフォームローン計算	リフォームローンの計算方法・シミュレーション	権威構築	必須	計算ツール
30	＋＋	リフォームローン 控除 外壁	26	10	記事	Know（リフォームローン控除を理解したい）	控除・特例	解説	解説記事	控除・減税	リフォームローン控除	リフォームローンの控除・軽減措置まとめ	権威構築	必須	解説記事
31	＋＋	リフォームローン 控除対象	N/A	10	記事	Know（リフォームローン控除を理解したい）	控除・特例	解説	解説記事	控除・減税	リフォームローン控除	リフォームローンの控除・軽減措置まとめ	権威構築	必須	解説記事
32	＋＋	リフォームローン 控除 必要書類	52	50	記事	Know（リフォームローン控除を理解したい）	控除・特例	解説	解説記事	控除・減税	リフォームローン控除	リフォームローンの控除・軽減措置まとめ	権威構築	必須	解説記事
33	＋＋	リフォームローン 控除 確定申告	52	90	記事	Know（リフォームローン控除を理解したい）	確定申告	解説	解説記事	控除・減税	リフォームローン申告	リフォームローンの確定申告・届出の方法と必要書類	権威構築	必須	解説記事
34	＋＋	リフォームローン 控除 シミュレーション	33	140	計算ページ	Do（リフォームローンをシミュレーションしたい）	計算方法	実務ガイド	計算ツール		リフォームローン計算	リフォームローンの計算方法・シミュレーション	ツール集客	必須	計算ツール
35	＋＋	リフォームローン シミュレーション 20年	33	30	計算ページ	Do（リフォームローンをシミュレーションしたい）	計算方法	実務ガイド	計算ツール		リフォームローン計算	リフォームローンの計算方法・シミュレーション	ツール集客	必須	計算ツール
36	＋＋	リフォームローン シミュレーション ジャックス	51	0	削除			解説		検索なし			対象外	不要
37	＋＋	リフォームローン シミュレーション ろうきん	53	30	計算ページ	Do（リフォームローンをシミュレーションしたい）	計算方法	実務ガイド	計算ツール		リフォームローン計算	リフォームローンの計算方法・シミュレーション	ツール集客	必須	計算ツール
38	＋＋	リフォームローン シミュレーションja	33	0	削除			解説		検索なし			対象外	不要
39	＋＋	リフォームローン シミュレーション オリコ	48	0	削除			解説		検索なし			対象外	不要
40	＋＋	リフォームローン シミュレーション イオン	55	0	削除			解説		検索なし			対象外	不要
41	＋＋	リフォームローン シミュレーション sbi	N/A	0	削除			解説		検索なし			対象外	不要
42	＋＋	アプラス リフォームローン シミュレーション	56	170	計算ページ	Do（リフォームローンをシミュレーションしたい）	計算方法	実務ガイド	計算ツール		リフォームローン計算	リフォームローンの計算方法・シミュレーション	ツール集客	必須	計算ツール
43	＋＋	千葉銀行 リフォームローン シミュレーション	56	30	計算ページ	Do（リフォームローンをシミュレーションしたい）	計算方法	実務ガイド	計算ツール		リフォームローン計算	リフォームローンの計算方法・シミュレーション	ツール集客	必須	計算ツール
44	＋＋	リフォームローン ろうきん 金利	N/A	0	削除			解説		検索なし			対象外	不要
45	＋＋	リフォームローン(ろうきん)	N/A	N/A	削除			解説		検索なし			対象外	不要
46	＋＋	労金 リフォームローン シュミレーション	33	210	計算ページ	Do（リフォームローンをシミュレーションしたい）	計算方法	実務ガイド	計算ツール		リフォームローン計算	リフォームローンの計算方法・シミュレーション	ツール集客	必須	計算ツール
47	＋＋	労金 リフォームローン 審査 期間	N/A	30	記事	Know（審査条件を知りたい）	融資・ローン	解説	解説記事	審査	リフォームローン_審査		権威構築	補足
48	＋＋	ろうきん リフォームローン 審査	52	70	記事	Know（審査条件を知りたい）	融資・ローン	解説	解説記事	審査	リフォームローン_審査		権威構築	補足
49	＋＋	ろうきん リフォームローン 必要書類	N/A	40	記事	Do（リフォームローンの申告をしたい）	確定申告	解説	ハウツー記事	申告・届出	リフォームローン_申告・届出	リフォームローンの確定申告・届出の方法と必要書類	権威構築	必須	解説記事
50	＋＋	ろうきん リフォームローン 仮審査	N/A	30	記事	Know（審査条件を知りたい）	融資・ローン	解説	解説記事	審査	リフォームローン_審査		権威構築	補足
51	＋＋	東北 ろうきん リフォームローン	N/A	70	記事	Do（リフォームローンの書式を確認したい）	書類・手続き	解説	ハウツー記事	書式	リフォームローン_書式		権威構築	補足
52	＋＋	新潟 ろうきん リフォームローン	N/A	30	削除			解説		地域KW			対象外	不要
53	＋＋	リフォームローン 住宅ローン控除 条件	48	0	削除			解説		検索なし			対象外	不要
54	＋＋	リフォームローン 年末調整 書き方	N/A	10	記事	Know（リフォームローン控除を理解したい）	控除・特例	解説	解説記事	控除・減税	リフォームローン_控除・減税		権威構築	補足
55	＋＋	リフォームローン 年末調整 書類	N/A	0	削除			解説		検索なし			対象外	不要
56	＋＋	リフォームローン 楽天銀行	60	390	記事	Do（リフォームローンの書式を確認したい）	書類・手続き	解説	ハウツー記事	書式	リフォームローン_書式		権威構築	補足
57	＋＋	リフォームローン 楽天 金利	57	320	記事	Know（リフォームローンの金利を比較したい）	比較・検討	比較・解説	ガイド記事	金利比較	リフォームローン_金利比較		権威構築	補足
58	＋＋	楽天銀行 リフォームローン 金利	N/A	90	記事	Know（リフォームローンの金利を比較したい）	比較・検討	比較・解説	ガイド記事	金利比較	リフォームローン_金利比較		権威構築	補足
59	＋＋	楽天カード リフォームローン	N/A	0	削除			解説		検索なし			対象外	不要
60	＋＋	リフォームローン ジャックス	45	590	記事	Do（リフォームローンの書式を確認したい）	書類・手続き	解説	ハウツー記事	書式	リフォームローン_書式		権威構築	補足
61	＋＋	リフォームローン ja 金利	N/A	20	記事	Know（リフォームローンの金利を比較したい）	比較・検討	比較・解説	ガイド記事	金利比較	リフォームローン_金利比較		権威構築	補足
62	＋＋	リフォームローン ジャックス 金利	41	320	記事	Know（リフォームローンの金利を比較したい）	比較・検討	比較・解説	ガイド記事	金利比較	リフォームローン_金利比較		権威構築	補足
63	＋＋	リフォームローン jaバンク	N/A	170	記事	Do（リフォームローンの書式を確認したい）	書類・手続き	解説	ハウツー記事	書式	リフォームローン_書式		権威構築	補足
64	＋＋	ジャクス リフォームローン	N/A	0	削除			解説		検索なし			対象外	不要
65	＋＋	ジャックス リフォームローン シュミレーション	54	480	計算ページ	Do（リフォームローンをシミュレーションしたい）	計算方法	実務ガイド	計算ツール		リフォームローン計算	リフォームローンの計算方法・シミュレーション	ツール集客	必須	計算ツール
66	＋＋	ジャックス リフォームローン 審査 厳しい	33	70	記事	Know（審査条件を知りたい）	融資・ローン	解説	解説記事	審査	リフォームローン_審査		権威構築	補足
67	＋＋	ja リフォームローン シミュレーション	N/A	210	計算ページ	Do（リフォームローンをシミュレーションしたい）	計算方法	実務ガイド	計算ツール		リフォームローン計算	リフォームローンの計算方法・シミュレーション	ツール集客	必須	計算ツール
68	＋＋	ja リフォームローン 必要書類	N/A	70	記事	Do（リフォームローンの申告をしたい）	確定申告	解説	ハウツー記事	申告・届出	リフォームローン_申告・届出	リフォームローンの確定申告・届出の方法と必要書類	権威構築	必須	解説記事
69	＋α	リフォームローン 2 000万	33	210	記事	Do（リフォームローンの書式を確認したい）	書類・手続き	解説	ハウツー記事	書式	リフォームローン_書式		権威構築	補足
70	＋α	リフォームローン 3 000万	N/A	30	記事	Do（リフォームローンの書式を確認したい）	書類・手続き	解説	ハウツー記事	書式	リフォームローン_書式		権威構築	補足
71	＋α	リフォームローン 1 000万円以上	N/A	30	記事	Do（リフォームローンの書式を確認したい）	書類・手続き	解説	ハウツー記事	書式	リフォームローン_書式		権威構築	補足
72	＋α	リフォームローン 1 000万円 月々	N/A	20	記事	Do（リフォームローンの書式を確認したい）	書類・手続き	解説	ハウツー記事	書式	リフォームローン_書式		権威構築	補足
73	＋α	1 000万 リフォームローン 月々	33	110	記事	Do（リフォームローンの書式を確認したい）	書類・手続き	解説	ハウツー記事	書式	リフォームローン_書式		権威構築	補足
74	＋α	リフォームローン 1000万円	N/A	20	記事	Do（リフォームローンの書式を確認したい）	書類・手続き	解説	ハウツー記事	書式	リフォームローン_書式		権威構築	補足
75	＋α	リフォームローン 1500万円	N/A	40	記事	Do（リフォームローンの書式を確認したい）	書類・手続き	解説	ハウツー記事	書式	リフォームローン_書式		権威構築	補足
76	＋α	リフォームローン 15年	N/A	20	記事	Do（リフォームローンの書式を確認したい）	書類・手続き	解説	ハウツー記事	書式	リフォームローン_書式		権威構築	補足
77	＋α	リフォームローン 10年	N/A	0	削除			解説		検索なし			対象外	不要
78	＋α	リフォームローン 100万円	N/A	0	削除			解説		検索なし			対象外	不要
79	＋α	リフォームローン 150万	N/A	10	記事	Do（リフォームローンの書式を確認したい）	書類・手続き	解説	ハウツー記事	書式	リフォームローン_書式		権威構築	補足
80	＋α	リフォームローン 1000万円 月々	N/A	20	記事	Do（リフォームローンの書式を確認したい）	書類・手続き	解説	ハウツー記事	書式	リフォームローン_書式		権威構築	補足
81	＋α	リフォームローン 1000万円以上	N/A	30	記事	Do（リフォームローンの書式を確認したい）	書類・手続き	解説	ハウツー記事	書式	リフォームローン_書式		権威構築	補足
82	＋α	リフォームローン 20年	N/A	50	記事	Do（リフォームローンの書式を確認したい）	書類・手続き	解説	ハウツー記事	書式	リフォームローン_書式		権威構築	補足
83	＋α	リフォームローン 25年	N/A	30	記事	Do（リフォームローンの書式を確認したい）	書類・手続き	解説	ハウツー記事	書式	リフォームローン_書式		権威構築	補足
84	＋α	リフォームローン 200万	N/A	20	記事	Do（リフォームローンの書式を確認したい）	書類・手続き	解説	ハウツー記事	書式	リフォームローン_書式		権威構築	補足
85	＋α	リフォームローン 2社	N/A	0	削除			解説		検索なし			対象外	不要
86	＋α	リフォームローン 200万 月々	N/A	0	削除			解説		検索なし			対象外	不要
87	＋α	リフォームローン 35年	N/A	50	記事	Do（リフォームローンの書式を確認したい）	書類・手続き	解説	ハウツー記事	書式	リフォームローン_書式		権威構築	補足
88	＋α	リフォームローン 300万	N/A	30	記事	Do（リフォームローンの書式を確認したい）	書類・手続き	解説	ハウツー記事	書式	リフォームローン_書式		権威構築	補足
89	＋α	リフォームローン 30年	N/A	10	記事	Do（リフォームローンの書式を確認したい）	書類・手続き	解説	ハウツー記事	書式	リフォームローン_書式		権威構築	補足
90	＋α	リフォームローン 3000万	N/A	30	記事	Do（リフォームローンの書式を確認したい）	書類・手続き	解説	ハウツー記事	書式	リフォームローン_書式		権威構築	補足
91	＋α	リフォームローン 3500万円	N/A	0	削除			解説		検索なし			対象外	不要
92	＋α	リフォームローン 30万	N/A	0	削除			解説		検索なし			対象外	不要
93	＋α	300万 リフォームローン 月々	N/A	70	記事	Do（リフォームローンの書式を確認したい）	書類・手続き	解説	ハウツー記事	書式	リフォームローン_書式		権威構築	補足
94	＋α	300万 リフォームローン 月々 いくら	N/A	70	記事	Know（リフォームローンの金額・相場を知りたい）	計算方法	データ一覧	ガイド記事	相場ガイド	リフォームローン計算	リフォームローンの計算方法・シミュレーション	権威構築	必須	計算ツール
95	＋α	33銀行 リフォームローン	N/A	0	削除			解説		検索なし			対象外	不要
96	＋α	350万 リフォームローン 月々	N/A	0	削除			解説		検索なし			対象外	不要
97	＋α	リフォームローン 400万	N/A	10	記事	Do（リフォームローンの書式を確認したい）	書類・手続き	解説	ハウツー記事	書式	リフォームローン_書式		権威構築	補足
98	＋α	リフォームローン 4000万	N/A	0	削除			解説		検索なし			対象外	不要
99	＋α	リフォームローン 40年	N/A	0	削除			解説		検索なし			対象外	不要
100	＋α	400万 リフォームローン 月々	N/A	30	記事	Do（リフォームローンの書式を確認したい）	書類・手続き	解説	ハウツー記事	書式	リフォームローン_書式		権威構築	補足
101	＋α	40代 リフォームローン	N/A	0	削除			解説		検索なし			対象外	不要
102	＋α	45歳 リフォームローン	N/A	0	削除			解説		検索なし			対象外	不要
103	＋α	リフォームローン 500万	N/A	40	記事	Do（リフォームローンの書式を確認したい）	書類・手続き	解説	ハウツー記事	書式	リフォームローン_書式		権威構築	補足
104	＋α	リフォームローン 50代	N/A	0	削除			解説		検索なし			対象外	不要
105	＋α	リフォームローン 500万 金利	N/A	0	削除			解説		検索なし			対象外	不要
106	＋α	リフォームローン 50万	N/A	0	削除			解説		検索なし			対象外	不要
107	＋α	リフォームローン 55歳	N/A	0	削除			解説		検索なし			対象外	不要
108	＋α	リフォームローン 5年	N/A	0	削除			解説		検索なし			対象外	不要
109	＋α	リフォームローン 50歳	N/A	0	削除			解説		検索なし			対象外	不要
110	＋α	リフォームローン 5年ルール	N/A	0	削除			解説		検索なし			対象外	不要
111	＋α	500万 リフォームローン 月々	56	210	記事	Do（リフォームローンの書式を確認したい）	書類・手続き	解説	ハウツー記事	書式	リフォームローン_書式		権威構築	補足
112	＋α	1 500万 リフォームローン 月々	N/A	40	記事	Do（リフォームローンの書式を確認したい）	書類・手続き	解説	ハウツー記事	書式	リフォームローン_書式		権威構築	補足
113	＋α	リフォームローン 65歳以上	N/A	30	記事	Do（リフォームローンの書式を確認したい）	書類・手続き	解説	ハウツー記事	書式	リフォームローン_書式		権威構築	補足
114	＋α	リフォームローン 60歳以上	N/A	40	記事	Do（リフォームローンの書式を確認したい）	書類・手続き	解説	ハウツー記事	書式	リフォームローン_書式		権威構築	補足
115	＋α	リフォームローン 60歳	46	40	記事	Do（リフォームローンの書式を確認したい）	書類・手続き	解説	ハウツー記事	書式	リフォームローン_書式		権威構築	補足
116	＋α	リフォームローン 600万	N/A	10	記事	Do（リフォームローンの書式を確認したい）	書類・手続き	解説	ハウツー記事	書式	リフォームローン_書式		権威構築	補足
117	＋α	リフォームローン 65歳	N/A	10	記事	Do（リフォームローンの書式を確認したい）	書類・手続き	解説	ハウツー記事	書式	リフォームローン_書式		権威構築	補足
118	＋α	60 代 リフォームローン	48	20	記事	Do（リフォームローンの書式を確認したい）	書類・手続き	解説	ハウツー記事	書式	リフォームローン_書式		権威構築	補足
119	＋α	600万 リフォームローン 月々	N/A	0	削除			解説		検索なし			対象外	不要
120	＋α	66歳 リフォームローン	N/A	0	削除			解説		検索なし			対象外	不要
121	＋α	68歳 リフォームローン	N/A	0	削除			解説		検索なし			対象外	不要
122	＋α	リフォームローン 70歳以上	50	50	記事	Do（リフォームローンの書式を確認したい）	書類・手続き	解説	ハウツー記事	書式	リフォームローン_書式		権威構築	補足
123	＋α	リフォームローン 77銀行	N/A	0	削除			解説		検索なし			対象外	不要
124	＋α	リフォームローン 700万	N/A	0	削除			解説		検索なし			対象外	不要
125	＋α	700万 リフォームローン 月々	N/A	30	記事	Do（リフォームローンの書式を確認したい）	書類・手続き	解説	ハウツー記事	書式	リフォームローン_書式		権威構築	補足
126	＋α	70代 リフォームローン	N/A	0	削除			解説		検索なし			対象外	不要
127	＋α	リフォームローン 800万	N/A	0	削除			解説		検索なし			対象外	不要
128	＋α	リフォームローン 80歳	47	10	記事	Do（リフォームローンの書式を確認したい）	書類・手続き	解説	ハウツー記事	書式	リフォームローン_書式		権威構築	補足
129	＋α	リフォームローン 82	N/A	0	削除			解説		検索なし			対象外	不要
130	＋α	82銀行 リフォームローン	N/A	20	記事	Do（リフォームローンの書式を確認したい）	書類・手続き	解説	ハウツー記事	書式	リフォームローン_書式		権威構築	補足
131	＋α	800万 リフォームローン 月々	N/A	0	削除			解説		検索なし			対象外	不要
132	＋α	800万 リフォームローン 月々 いくら	N/A	0	削除			解説		検索なし			対象外	不要
133	＋α	80歳以上 リフォームローン	N/A	0	削除			解説		検索なし			対象外	不要
134	＋α	リフォームローン 足利銀行	N/A	260	記事	Do（リフォームローンの書式を確認したい）	書類・手続き	解説	ハウツー記事	書式	リフォームローン_書式		権威構築	補足
135	＋α	リフォームローン アプラス	45	260	記事	Do（リフォームローンの書式を確認したい）	書類・手続き	解説	ハウツー記事	書式	リフォームローン_書式		権威構築	補足
136	＋α	リフォームローン au	N/A	20	記事	Do（リフォームローンの書式を確認したい）	書類・手続き	解説	ハウツー記事	書式	リフォームローン_書式		権威構築	補足
137	＋α	リフォームローン 秋田銀行	N/A	90	記事	Do（リフォームローンの書式を確認したい）	書類・手続き	解説	ハウツー記事	書式	リフォームローン_書式		権威構築	補足
138	＋α	リフォームローン 愛知銀行	N/A	0	削除			解説		検索なし			対象外	不要
139	＋α	リフォームローン アパート	33	110	記事	Know（不動産でのリフォームローンを知りたい）	その他	解説	解説記事	不動産特化	リフォームローン_不動産特化	リフォームローンと不動産投資の関係を解説	権威構築	必須	解説記事
140	＋α	リフォームローン アルバイト	N/A	20	記事	Do（リフォームローンの書式を確認したい）	書類・手続き	解説	ハウツー記事	書式	リフォームローン_書式		権威構築	補足
141	＋α	リフォームローン 秋田	N/A	0	削除			解説		検索なし			対象外	不要
142	＋α	リフォームローン 阿波銀行	N/A	0	削除			解説		検索なし			対象外	不要
143	＋α	リフォームローン 余ったら	N/A	10	記事	Do（リフォームローンの書式を確認したい）	書類・手続き	解説	ハウツー記事	書式	リフォームローン_書式		権威構築	補足
144	＋α	リフォームローン イオン銀行	58	720	記事	Do（リフォームローンの書式を確認したい）	書類・手続き	解説	ハウツー記事	書式	リフォームローン_書式		権威構築	補足
145	＋α	リフォームローン イオン	52	320	記事	Do（リフォームローンの書式を確認したい）	書類・手続き	解説	ハウツー記事	書式	リフォームローン_書式		権威構築	補足
146	＋α	リフォームローン いくらまで	N/A	50	記事	Know（リフォームローンの金額・相場を知りたい）	計算方法	データ一覧	ガイド記事	相場ガイド	リフォームローン計算	リフォームローンの計算方法・シミュレーション	権威構築	必須	計算ツール
147	＋α	リフォームローン 伊予銀行	55	140	記事	Do（リフォームローンの書式を確認したい）	書類・手続き	解説	ハウツー記事	書式	リフォームローン_書式		権威構築	補足
148	＋α	リフォームローン 池田泉州銀行	N/A	170	記事	Do（リフォームローンの書式を確認したい）	書類・手続き	解説	ハウツー記事	書式	リフォームローン_書式		権威構築	補足
149	＋α	リフォームローン いくら借りれる	N/A	0	削除			解説		検索なし			対象外	不要
150	＋α	リフォームローン いくらから	N/A	10	記事	Know（リフォームローンの金額・相場を知りたい）	計算方法	データ一覧	ガイド記事	相場ガイド	リフォームローン計算	リフォームローンの計算方法・シミュレーション	権威構築	必須	計算ツール
151	＋α	リフォームローン 一覧	N/A	10	記事	Know（リフォームローンの金額・相場を知りたい）	税金	データ一覧	ガイド記事	相場ガイド	リフォームローン税率		権威構築	補足
152	＋α	リフォームローン 一括返済	N/A	20	記事	Do（リフォームローンの書式を確認したい）	書類・手続き	解説	ハウツー記事	書式	リフォームローン_書式		権威構築	補足
153	＋α	リフォームローン ufj	N/A	210	記事	Do（リフォームローンの書式を確認したい）	書類・手続き	解説	ハウツー記事	書式	リフォームローン_書式		権威構築	補足
154	＋α	リフォームローン web完結	N/A	0	削除			解説		検索なし			対象外	不要
155	＋α	リフォームローン 上乗せ	N/A	10	記事	Do（リフォームローンの書式を確認したい）	書類・手続き	解説	ハウツー記事	書式	リフォームローン_書式		権威構築	補足
156	＋α	リフォームローン web	N/A	10	記事	Do（リフォームローンの書式を確認したい）	書類・手続き	解説	ハウツー記事	書式	リフォームローン_書式		権威構築	補足
157	＋α	リフォームローン 請負契約書	N/A	0	削除			解説		検索なし			対象外	不要
158	＋α	リフォームローン ui銀行	N/A	0	削除			解説		検索なし			対象外	不要
159	＋α	オリコ リフォームローン web	N/A	0	削除			解説		検索なし			対象外	不要
160	＋α	ジャックス リフォームローン web	N/A	0	削除			解説		検索なし			対象外	不要
161	＋α	ufj リフォームローン 金利	N/A	10	記事	Know（リフォームローンの金利を比較したい）	比較・検討	比較・解説	ガイド記事	金利比較	リフォームローン_金利比較		権威構築	補足
162	＋α	内窓 リフォームローン	N/A	0	削除			解説		検索なし			対象外	不要
163	＋α	リフォームローン エアコン	N/A	30	記事	Do（リフォームローンの書式を確認したい）	書類・手続き	解説	ハウツー記事	書式	リフォームローン_書式		権威構築	補足
164	＋α	リフォームローン エコキュート	N/A	10	記事	Do（リフォームローンの書式を確認したい）	書類・手続き	解説	ハウツー記事	書式	リフォームローン_書式		権威構築	補足
165	＋α	リフォームローン 愛媛銀行	N/A	0	削除			解説		検索なし			対象外	不要
166	＋α	リフォームローン エスビーアイ	N/A	0	削除			解説		検索なし			対象外	不要
167	＋α	リフォームローン 選び方	N/A	10	記事	Buy（最適なリフォームローンを選びたい）	比較・検討	比較・解説	比較記事	おすすめ比較	リフォームローン_おすすめ比較		権威構築	補足
168	＋α	リフォームローン 永住権なし	N/A	0	削除			解説		検索なし			対象外	不要
169	＋α	リフォームローン 英語	N/A	0	削除			解説		検索なし			対象外	不要
170	＋α	リフォームローン エディオン	N/A	0	削除			解説		検索なし			対象外	不要
171	＋α	リフォームローン エアコン設置	N/A	0	削除			解説		検索なし			対象外	不要
172	＋α	愛媛信用金庫 リフォームローン	N/A	20	記事	Do（リフォームローンの書式を確認したい）	書類・手続き	解説	ハウツー記事	書式	リフォームローン_書式		権威構築	補足
173	＋α	リフォームローン オリコ	50	1000	記事	Do（リフォームローンの書式を確認したい）	書類・手続き	解説	ハウツー記事	書式	リフォームローン_書式		権威構築	補足
174	＋α	リフォームローン 多め に借りる	N/A	110	記事	Do（リフォームローンの書式を確認したい）	書類・手続き	解説	ハウツー記事	書式	リフォームローン_書式		権威構築	補足
175	＋α	リフォームローン 大分銀行	49	170	記事	Do（リフォームローンの書式を確認したい）	書類・手続き	解説	ハウツー記事	書式	リフォームローン_書式		権威構築	補足
176	＋α	リフォームローン 親名義の家	N/A	30	記事	Know（親族間のリフォームローンを知りたい）	融資・ローン	解説	解説記事	親族間	リフォームローン_親族間		権威構築	補足
177	＋α	リフォームローン 沖縄	N/A	40	削除			解説		地域KW			対象外	不要
178	＋α	リフォームローン オーバーローン	N/A	20	記事	Do（リフォームローンの書式を確認したい）	書類・手続き	解説	ハウツー記事	書式	リフォームローン_書式		権威構築	補足
179	＋α	リフォームローン おすすめ 銀行	N/A	20	記事	Buy（最適なリフォームローンを選びたい）	比較・検討	比較・解説	比較記事	おすすめ比較	リフォームローン_おすすめ比較		権威構築	補足
180	＋α	リフォームローン 沖縄銀行	N/A	0	削除			解説		検索なし			対象外	不要
181	＋α	リフォームローン 大阪	N/A	20	削除			解説		地域KW			対象外	不要
182	＋α	リフォームローン 確定申告	33	140	記事	Know（リフォームローン控除を理解したい）	確定申告	解説	解説記事	控除・減税	リフォームローン申告	リフォームローンの確定申告・届出の方法と必要書類	権威構築	必須	解説記事
183	＋α	リフォームローン 借り換え	33	170	記事	Know（住宅ローンとの関係を知りたい）	住宅タイプ別	解説	解説記事	住宅ローン連携	リフォームローン_住宅ローン連携		権威構築	補足
184	＋α	リフォームローン 仮審査	N/A	50	記事	Know（審査条件を知りたい）	融資・ローン	解説	解説記事	審査	リフォームローン_審査		権威構築	補足
185	＋α	リフォームローン 鹿児島	N/A	40	記事	Do（リフォームローンの書式を確認したい）	書類・手続き	解説	ハウツー記事	書式	リフォームローン_書式		権威構築	補足
186	＋α	リフォームローン 家具家電	N/A	40	記事	Do（リフォームローンの書式を確認したい）	書類・手続き	解説	ハウツー記事	書式	リフォームローン_書式		権威構築	補足
187	＋α	リフォームローン 借り方	N/A	10	記事	Do（リフォームローンの書式を確認したい）	書類・手続き	解説	ハウツー記事	書式	リフォームローン_書式		権威構築	補足
188	＋α	リフォームローン 頭金	N/A	30	記事	Do（リフォームローンの書式を確認したい）	書類・手続き	解説	ハウツー記事	書式	リフォームローン_書式		権威構築	補足
189	＋α	リフォームローン 家電	N/A	10	記事	Do（リフォームローンの書式を確認したい）	書類・手続き	解説	ハウツー記事	書式	リフォームローン_書式		権威構築	補足
190	＋α	リフォームローン 鹿児島銀行	N/A	0	削除			解説		検索なし			対象外	不要
191	＋α	リフォームローン 加盟店	N/A	20	記事	Do（リフォームローンの書式を確認したい）	書類・手続き	解説	ハウツー記事	書式	リフォームローン_書式		権威構築	補足
192	＋α	リフォームローン 京都銀行	51	170	削除			解説		地域KW			対象外	不要
193	＋α	リフォームローン 期間	N/A	40	記事	Know（リフォームローンの時期を知りたい）	時期・スケジュール	解説	ガイド記事	時期・スケジュール	リフォームローン_時期・スケジュール		権威構築	補足
194	＋α	リフォームローン 繰り上げ返済	N/A	50	記事	Do（リフォームローンの書式を確認したい）	書類・手続き	解説	ハウツー記事	書式	リフォームローン_書式		権威構築	補足
195	＋α	リフォームローン 熊本	N/A	20	削除			解説		地域KW			対象外	不要
196	＋α	リフォームローン 繰上げ返済	N/A	0	削除			解説		検索なし			対象外	不要
197	＋α	リフォームローン 熊本銀行	N/A	110	削除			解説		地域KW			対象外	不要
198	＋α	リフォームローン 組めない	N/A	20	記事	Do（リフォームローンの書式を確認したい）	書類・手続き	解説	ハウツー記事	書式	リフォームローン_書式		権威構築	補足
199	＋α	リフォームローン クレジットカード	N/A	0	削除			解説		検索なし			対象外	不要
200	＋α	リフォームローン 組め ない 人	N/A	0	削除			解説		検索なし			対象外	不要
201	＋α	リフォームローン 組める	33	50	記事	Do（リフォームローンの書式を確認したい）	書類・手続き	解説	ハウツー記事	書式	リフォームローン_書式		権威構築	補足
202	＋α	リフォームローン 組み方	N/A	20	記事	Do（リフォームローンの書式を確認したい）	書類・手続き	解説	ハウツー記事	書式	リフォームローン_書式		権威構築	補足
203	＋α	リフォームローン 車ローン	N/A	0	削除			解説		検索なし			対象外	不要
204	＋α	リフォームローン 計算	N/A	50	計算ページ	Do（リフォームローンをシミュレーションしたい）	計算方法	実務ガイド	計算ツール		リフォームローン計算	リフォームローンの計算方法・シミュレーション	ツール集客	必須	計算ツール
205	＋α	リフォームローン 京葉銀行	42	170	記事	Do（リフォームローンの書式を確認したい）	書類・手続き	解説	ハウツー記事	書式	リフォームローン_書式		権威構築	補足
206	＋α	リフォームローン けんしん	N/A	0	削除			解説		検索なし			対象外	不要
207	＋α	リフォームローン 経費	N/A	10	記事	Do（リフォームローンの会計処理を調べたい）	会計処理	実務ガイド	解説記事	会計処理	リフォームローン_会計処理		権威構築	補足
208	＋α	リフォームローン 家の名義	N/A	0	削除			解説		検索なし			対象外	不要
209	＋α	リフォームローン 契約者死亡	N/A	0	削除			解説		検索なし			対象外	不要
210	＋α	リフォームローン 計算方法	N/A	10	計算ページ	Do（リフォームローンをシミュレーションしたい）	計算方法	実務ガイド	計算ツール		リフォームローン計算	リフォームローンの計算方法・シミュレーション	ツール集客	必須	計算ツール
211	＋α	リフォームローン 健康診断	N/A	0	削除			解説		検索なし			対象外	不要
212	＋α	リフォームローン 契約書	N/A	10	記事	Do（リフォームローンの書式を確認したい）	書類・手続き	解説	ハウツー記事	書式	リフォームローン_書式		権威構築	補足
213	＋α	リフォームローン 固定金利	N/A	90	記事	Know（リフォームローンの金利を比較したい）	比較・検討	比較・解説	ガイド記事	金利比較	リフォームローン_金利比較		権威構築	補足
214	＋α	リフォームローン 工事完了後	N/A	70	記事	Do（リフォームローンの書式を確認したい）	書類・手続き	解説	ハウツー記事	書式	リフォームローン_書式		権威構築	補足
215	＋α	リフォームローン 公庫	N/A	70	記事	Do（リフォームローンの書式を確認したい）	書類・手続き	解説	ハウツー記事	書式	リフォームローン_書式		権威構築	補足
216	＋α	リフォームローン 高齢者	33	30	記事	Do（リフォームローンの書式を確認したい）	書類・手続き	解説	ハウツー記事	書式	リフォームローン_書式		権威構築	補足
217	＋α	リフォームローン 個人事業主	N/A	70	記事	Do（リフォームローンの書式を確認したい）	書類・手続き	解説	ハウツー記事	書式	リフォームローン_書式		権威構築	補足
218	＋α	リフォームローン 固定	N/A	0	削除			解説		検索なし			対象外	不要
219	＋α	リフォームローン 個人再生	N/A	10	記事	Do（リフォームローンの書式を確認したい）	書類・手続き	解説	ハウツー記事	書式	リフォームローン_書式		権威構築	補足
220	＋α	リフォームローン 最安値	N/A	20	記事	Do（リフォームローンの書式を確認したい）	書類・手続き	解説	ハウツー記事	書式	リフォームローン_書式		権威構築	補足
221	＋α	リフォームローン 佐賀銀行	N/A	110	記事	Do（リフォームローンの書式を確認したい）	書類・手続き	解説	ハウツー記事	書式	リフォームローン_書式		権威構築	補足
222	＋α	リフォームローン 最長	N/A	30	記事	Do（リフォームローンの書式を確認したい）	書類・手続き	解説	ハウツー記事	書式	リフォームローン_書式		権威構築	補足
223	＋α	リフォームローン 西京銀行	N/A	10	記事	Do（リフォームローンの書式を確認したい）	書類・手続き	解説	ハウツー記事	書式	リフォームローン_書式		権威構築	補足
224	＋α	リフォームローン 最大	N/A	10	記事	Do（リフォームローンの書式を確認したい）	書類・手続き	解説	ハウツー記事	書式	リフォームローン_書式		権威構築	補足
225	＋α	リフォームローン 三十三銀行	N/A	0	削除			解説		検索なし			対象外	不要
226	＋α	リフォームローン さいしん	N/A	0	削除			解説		検索なし			対象外	不要
227	＋α	リフォームローン 債務整理	N/A	10	記事	Do（リフォームローンの書式を確認したい）	書類・手続き	解説	ハウツー記事	書式	リフォームローン_書式		権威構築	補足
228	＋α	リフォームローン 審査	33	260	記事	Know（審査条件を知りたい）	融資・ローン	解説	解説記事	審査	リフォームローン_審査		権威構築	補足
229	＋α	リフォームローン 静岡銀行	54	260	削除			解説		地域KW			対象外	不要
230	＋α	リフォームローン 滋賀銀行	47	720	記事	Do（リフォームローンの書式を確認したい）	書類・手続き	解説	ハウツー記事	書式	リフォームローン_書式		権威構築	補足
231	＋α	リフォームローン 信販会社	N/A	70	記事	Do（リフォームローンの書式を確認したい）	書類・手続き	解説	ハウツー記事	書式	リフォームローン_書式		権威構築	補足
232	＋α	リフォームローン 七十七銀行	57	140	記事	Do（リフォームローンの書式を確認したい）	書類・手続き	解説	ハウツー記事	書式	リフォームローン_書式		権威構築	補足
233	＋α	リフォームローン 信用金庫	N/A	90	記事	Do（リフォームローンの書式を確認したい）	書類・手続き	解説	ハウツー記事	書式	リフォームローン_書式		権威構築	補足
234	＋α	リフォームローン 収益物件	N/A	0	削除			解説		検索なし			対象外	不要
235	＋α	リフォームローン 審査基準	46	50	記事	Know（審査条件を知りたい）	融資・ローン	解説	解説記事	審査	リフォームローン_審査		権威構築	補足
236	＋α	リフォームローン 四国銀行	N/A	90	記事	Do（リフォームローンの書式を確認したい）	書類・手続き	解説	ハウツー記事	書式	リフォームローン_書式		権威構築	補足
237	＋α	リフォームローン 住信sbi	N/A	30	記事	Do（リフォームローンの書式を確認したい）	書類・手続き	解説	ハウツー記事	書式	リフォームローン_書式		権威構築	補足
238	＋α	リフォームローン スルガ銀行	N/A	0	削除			解説		検索なし			対象外	不要
239	＋α	リフォームローン 住信sbiネット銀行	N/A	20	記事	Do（リフォームローンの書式を確認したい）	書類・手続き	解説	ハウツー記事	書式	リフォームローン_書式		権威構築	補足
240	＋α	リフォームローン 住んでない	N/A	0	削除			解説		検索なし			対象外	不要
241	＋α	リフォームローン 進め方	N/A	0	削除			解説		検索なし			対象外	不要
242	＋α	リフォームローン スケジュール	N/A	0	削除			解説		検索なし			対象外	不要
243	＋α	リフォームローン スルガ	N/A	0	削除			解説		検索なし			対象外	不要
244	＋α	駿河銀行 リフォームローン	N/A	0	削除			解説		検索なし			対象外	不要
245	＋α	スター銀行 リフォームローン	N/A	20	記事	Do（リフォームローンの書式を確認したい）	書類・手続き	解説	ハウツー記事	書式	リフォームローン_書式		権威構築	補足
246	＋α	巣鴨信用金庫 リフォームローン	N/A	10	記事	Do（リフォームローンの書式を確認したい）	書類・手続き	解説	ハウツー記事	書式	リフォームローン_書式		権威構築	補足
247	＋α	リフォームローン 節税	N/A	10	記事	Do（リフォームローンの手続き・対策を知りたい）	手続き・対策	ハウツー	ハウツー記事	手続き・対策	リフォームローン_手続き・対策		権威構築	補足
248	＋α	リフォームローン セゾン	48	210	記事	Do（リフォームローンの書式を確認したい）	書類・手続き	解説	ハウツー記事	書式	リフォームローン_書式		権威構築	補足
249	＋α	リフォームローン 仙台銀行	N/A	70	削除			解説		地域KW			対象外	不要
250	＋α	リフォームローン セカンドハウス	N/A	0	削除			解説		検索なし			対象外	不要
251	＋α	リフォームローン 政策金融公庫	N/A	0	削除			解説		検索なし			対象外	不要
252	＋α	リフォームローン セディナ	N/A	40	記事	Do（リフォームローンの書式を確認したい）	書類・手続き	解説	ハウツー記事	書式	リフォームローン_書式		権威構築	補足
253	＋α	リフォームローン 生命保険	N/A	10	記事	Know（保険とリフォームローンの関係を知りたい）	融資・ローン	解説	解説記事	保険	リフォームローン_保険		権威構築	補足
254	＋α	リフォームローン 静銀	N/A	0	削除			解説		検索なし			対象外	不要
255	＋α	リフォームローン 請求書	N/A	0	削除			解説		検索なし			対象外	不要
256	＋α	リフォームローン ソニー銀行	33	170	記事	Do（リフォームローンの書式を確認したい）	書類・手続き	解説	ハウツー記事	書式	リフォームローン_書式		権威構築	補足
257	＋α	リフォームローン 相場	N/A	20	記事	Know（リフォームローンの金額・相場を知りたい）	相場	データ一覧	ガイド記事	相場ガイド	リフォームローン_相場ガイド		権威構築	補足
258	＋α	リフォームローン 総量規制	N/A	30	記事	Do（リフォームローンの書式を確認したい）	書類・手続き	解説	ハウツー記事	書式	リフォームローン_書式		権威構築	補足
259	＋α	リフォームローン 相談	N/A	20	記事	Do（リフォームローンの書式を確認したい）	書類・手続き	解説	ハウツー記事	書式	リフォームローン_書式		権威構築	補足
260	＋α	リフォームローン 相談窓口	N/A	20	記事	Do（リフォームローンの書式を確認したい）	書類・手続き	解説	ハウツー記事	書式	リフォームローン_書式		権威構築	補足
261	＋α	リフォームローン そうしん	N/A	0	削除			解説		検索なし			対象外	不要
262	＋α	リフォームローン 外構	N/A	90	記事	Do（リフォームローンの書式を確認したい）	書類・手続き	解説	ハウツー記事	書式	リフォームローン_書式		権威構築	補足
263	＋α	リフォームローン 外構工事	N/A	20	記事	Do（リフォームローンの書式を確認したい）	書類・手続き	解説	ハウツー記事	書式	リフォームローン_書式		権威構築	補足
264	＋α	リフォームローン 即日	N/A	0	削除			解説		検索なし			対象外	不要
265	＋α	リフォームローン 相続	N/A	0	削除			解説		検索なし			対象外	不要
266	＋α	リフォームローン 担保	N/A	40	記事	Do（リフォームローンの書式を確認したい）	書類・手続き	解説	ハウツー記事	書式	リフォームローン_書式		権威構築	補足
267	＋α	リフォームローン 担保あり	N/A	40	記事	Do（リフォームローンの書式を確認したい）	書類・手続き	解説	ハウツー記事	書式	リフォームローン_書式		権威構築	補足
268	＋α	リフォームローン 他社借入	N/A	0	削除			解説		検索なし			対象外	不要
269	＋α	リフォームローン 担保なし	N/A	20	記事	Do（リフォームローンの書式を確認したい）	書類・手続き	解説	ハウツー記事	書式	リフォームローン_書式		権威構築	補足
270	＋α	リフォームローン 太陽光	N/A	30	記事	Do（リフォームローンの書式を確認したい）	書類・手続き	解説	ハウツー記事	書式	リフォームローン_書式		権威構築	補足
271	＋α	リフォームローン 担保型	N/A	20	記事	Do（リフォームローンの書式を確認したい）	書類・手続き	解説	ハウツー記事	書式	リフォームローン_書式		権威構築	補足
272	＋α	リフォームローン 大光銀行	N/A	0	削除			解説		検索なし			対象外	不要
273	＋α	リフォームローン 高い	N/A	0	削除			解説		検索なし			対象外	不要
274	＋α	リフォームローン たましん	N/A	0	削除			解説		検索なし			対象外	不要
275	＋α	リフォームローン 但馬銀行	N/A	0	削除			解説		検索なし			対象外	不要
276	＋α	リフォームローン 千葉銀行	51	590	削除			解説		地域KW			対象外	不要
277	＋α	リフォームローン 賃貸	N/A	50	記事	Know（不動産でのリフォームローンを知りたい）	その他	解説	解説記事	不動産特化	リフォームローン_不動産特化	リフォームローンと不動産投資の関係を解説	権威構築	必須	解説記事
278	＋α	リフォームローン 中国銀行	55	210	記事	Know（海外のリフォームローンを知りたい）	融資・ローン	解説	解説記事	海外	リフォームローン_海外		権威構築	補足
279	＋α	リフォームローン 千葉興銀	N/A	0	削除			解説		検索なし			対象外	不要
280	＋α	リフォームローン 着工金	N/A	0	削除			解説		検索なし			対象外	不要
281	＋α	リフォームローン 中信	N/A	0	削除			解説		検索なし			対象外	不要
282	＋α	リフォームローン 着手金	N/A	10	記事	Do（リフォームローンの書式を確認したい）	書類・手続き	解説	ハウツー記事	書式	リフォームローン_書式		権威構築	補足
283	＋α	リフォームローン 長期	N/A	20	記事	Do（リフォームローンの書式を確認したい）	書類・手続き	解説	ハウツー記事	書式	リフォームローン_書式		権威構築	補足
284	＋α	リフォームローン 蓄電池	N/A	0	削除			解説		検索なし			対象外	不要
285	＋α	リフォームローン 中銀	N/A	0	削除			解説		検索なし			対象外	不要
286	＋α	リフォームローン つなぎ融資	N/A	20	記事	Do（リフォームローンの書式を確認したい）	書類・手続き	解説	ハウツー記事	書式	リフォームローン_書式		権威構築	補足
287	＋α	リフォームローン 追加融資	N/A	30	記事	Do（リフォームローンの書式を確認したい）	書類・手続き	解説	ハウツー記事	書式	リフォームローン_書式		権威構築	補足
288	＋α	リフォームローン 筑波銀行	50	140	記事	Do（リフォームローンの書式を確認したい）	書類・手続き	解説	ハウツー記事	書式	リフォームローン_書式		権威構築	補足
289	＋α	リフォームローン 妻名義	N/A	20	記事	Know（親族間のリフォームローンを知りたい）	融資・ローン	解説	解説記事	親族間	リフォームローン_親族間		権威構築	補足
290	＋α	リフォームローン 追加	N/A	10	記事	Do（リフォームローンの書式を確認したい）	書類・手続き	解説	ハウツー記事	書式	リフォームローン_書式		権威構築	補足
291	＋α	リフォームローン 使い道	N/A	10	記事	Do（リフォームローンの書式を確認したい）	書類・手続き	解説	ハウツー記事	書式	リフォームローン_書式		権威構築	補足
292	＋α	リフォームローン 月々	N/A	20	記事	Do（リフォームローンの書式を確認したい）	書類・手続き	解説	ハウツー記事	書式	リフォームローン_書式		権威構築	補足
293	＋α	リフォームローン 月々の返済額	N/A	0	削除			解説		検索なし			対象外	不要
294	＋α	リフォームローン 使い方	N/A	10	記事	Do（リフォームローンの書式を確認したい）	書類・手続き	解説	ハウツー記事	書式	リフォームローン_書式		権威構築	補足
295	＋α	リフォームローン 妻	N/A	0	削除			解説		検索なし			対象外	不要
296	＋α	リフォームローン 低金利	N/A	170	記事	Know（リフォームローンの金利を比較したい）	比較・検討	比較・解説	ガイド記事	金利比較	リフォームローン_金利比較		権威構築	補足
297	＋α	リフォームローン 抵当権	N/A	30	記事	Do（リフォームローンの書式を確認したい）	書類・手続き	解説	ハウツー記事	書式	リフォームローン_書式		権威構築	補足
298	＋α	リフォームローン 抵当権設定 住宅用家屋証明書	22	40	記事	Do（リフォームローンの書式を確認したい）	書類・手続き	解説	ハウツー記事	書式	リフォームローン_書式		権威構築	補足
299	＋α	リフォームローン 手数料	N/A	20	記事	Know（諸費用を知りたい）	融資・ローン	解説	ガイド記事	手数料・費用	リフォームローン_手数料・費用		権威構築	補足
300	＋α	リフォームローン 提携	N/A	30	記事	Do（リフォームローンの書式を確認したい）	書類・手続き	解説	ハウツー記事	書式	リフォームローン_書式		権威構築	補足
301	＋α	リフォームローン 提携するには	N/A	10	記事	Do（リフォームローンの書式を確認したい）	書類・手続き	解説	ハウツー記事	書式	リフォームローン_書式		権威構築	補足
302	＋α	リフォームローン 抵当権設定	N/A	0	削除			解説		検索なし			対象外	不要
303	＋α	リフォームローン 手続き	N/A	10	記事	Do（リフォームローンの手続き・対策を知りたい）	手続き・対策	ハウツー	ハウツー記事	手続き・対策	リフォームローン_手続き・対策		権威構築	補足
304	＋α	リフォームローン 手付金	N/A	0	削除			解説		検索なし			対象外	不要
305	＋α	リフォームローン 低金利ランキング	N/A	10	記事	Know（リフォームローンの金利を比較したい）	比較・検討	比較・解説	ガイド記事	金利比較	リフォームローン_金利比較		権威構築	補足
306	＋α	リフォームローン 通りやすい	33	90	記事	Do（リフォームローンの書式を確認したい）	書類・手続き	解説	ハウツー記事	書式	リフォームローン_書式		権威構築	補足
307	＋α	リフォームローン 通らない どうする	N/A	110	記事	Know（審査条件を知りたい）	融資・ローン	解説	解説記事	審査	リフォームローン_審査		権威構築	補足
308	＋α	リフォームローン 通らない	N/A	50	記事	Know（審査条件を知りたい）	融資・ローン	解説	解説記事	審査	リフォームローン_審査		権威構築	補足
309	＋α	リフォームローン 東邦銀行	N/A	110	記事	Do（リフォームローンの書式を確認したい）	書類・手続き	解説	ハウツー記事	書式	リフォームローン_書式		権威構築	補足
310	＋α	リフォームローン 栃木銀行	N/A	10	削除			解説		地域KW			対象外	不要
311	＋α	リフォームローン 通りやすい銀行	N/A	20	記事	Do（リフォームローンの書式を確認したい）	書類・手続き	解説	ハウツー記事	書式	リフォームローン_書式		権威構築	補足
312	＋α	リフォームローン とは	58	140	記事	Know（リフォームローンの仕組みを理解したい）	基礎知識	解説	解説記事	基礎解説	リフォームローン基礎解説	リフォームローンとは？仕組み・意味をわかりやすく解説	権威構築	必須	ピラーページ
313	＋α	リフォームローン 登記	N/A	10	記事	Do（リフォームローンの書式を確認したい）	書類・手続き	解説	ハウツー記事	書式	リフォームローン_書式		権威構築	補足
314	＋α	リフォームローン 投資用	N/A	0	削除			解説		検索なし			対象外	不要
315	＋α	リフォームローン 東海ろうきん	N/A	0	削除			解説		検索なし			対象外	不要
316	＋α	リフォームローン 何歳まで	N/A	70	記事	Do（リフォームローンの書式を確認したい）	書類・手続き	解説	ハウツー記事	書式	リフォームローン_書式		権威構築	補足
317	＋α	リフォームローン 流れ	N/A	90	記事	Do（リフォームローンの手続き・対策を知りたい）	手続き・対策	ハウツー	ハウツー記事	手続き・対策	リフォームローン_手続き・対策		権威構築	補足
318	＋α	リフォームローン 何年まで	N/A	50	記事	Do（リフォームローンの書式を確認したい）	書類・手続き	解説	ハウツー記事	書式	リフォームローン_書式		権威構築	補足
319	＋α	リフォームローン 何年	33	90	記事	Do（リフォームローンの書式を確認したい）	書類・手続き	解説	ハウツー記事	書式	リフォームローン_書式		権威構築	補足
320	＋α	リフォームローン 南都銀行	51	110	記事	Do（リフォームローンの書式を確認したい）	書類・手続き	解説	ハウツー記事	書式	リフォームローン_書式		権威構築	補足
321	＋α	リフォームローン 名古屋銀行	45	140	削除			解説		地域KW			対象外	不要
322	＋α	リフォームローン 何年払い	N/A	0	削除			解説		検索なし			対象外	不要
323	＋α	リフォームローン 奈良	N/A	0	削除			解説		検索なし			対象外	不要
324	＋α	リフォームローン 何歳まで組める	N/A	0	削除			解説		検索なし			対象外	不要
325	＋α	リフォームローン 長野	N/A	10	削除			解説		地域KW			対象外	不要
326	＋α	リフォームローン 西日本シティ銀行	51	260	記事	Do（リフォームローンの書式を確認したい）	書類・手続き	解説	ハウツー記事	書式	リフォームローン_書式		権威構築	補足
327	＋α	リフォームローン 入金	N/A	0	削除			解説		検索なし			対象外	不要
328	＋α	リフォームローン 庭	N/A	0	削除			解説		検索なし			対象外	不要
329	＋α	リフォームローン 西日本シティ	N/A	20	記事	Do（リフォームローンの書式を確認したい）	書類・手続き	解説	ハウツー記事	書式	リフォームローン_書式		権威構築	補足
330	＋α	リフォームローン 人気	N/A	10	記事	Buy（リフォームローン関連のサービスを選びたい）	比較・検討	比較・解説	比較記事	おすすめ・比較	リフォームローン_おすすめ・比較		権威構築	補足
331	＋α	リフォームローン 新潟	N/A	10	削除			解説		地域KW			対象外	不要
332	＋α	リフォームローン 西銀	N/A	70	記事	Do（リフォームローンの書式を確認したい）	書類・手続き	解説	ハウツー記事	書式	リフォームローン_書式		権威構築	補足
333	＋α	沼津信用金庫 リフォームローン	N/A	0	削除			解説		検索なし			対象外	不要
334	＋α	リフォームローン ネット銀行	N/A	170	記事	Do（リフォームローンの書式を確認したい）	書類・手続き	解説	ハウツー記事	書式	リフォームローン_書式		権威構築	補足
335	＋α	リフォームローン 年数	N/A	50	記事	Do（リフォームローンの書式を確認したい）	書類・手続き	解説	ハウツー記事	書式	リフォームローン_書式		権威構築	補足
336	＋α	リフォームローン 年齢制限	N/A	40	記事	Do（リフォームローンの書式を確認したい）	書類・手続き	解説	ハウツー記事	書式	リフォームローン_書式		権威構築	補足
337	＋α	リフォームローン 年末控除	N/A	10	記事	Know（リフォームローン控除を理解したい）	控除・特例	解説	解説記事	控除・減税	リフォームローン控除	リフォームローンの控除・軽減措置まとめ	権威構築	必須	解説記事
338	＋α	リフォームローン 年末残高証明書	N/A	0	削除			解説		検索なし			対象外	不要
339	＋α	リフォームローン 年収	N/A	20	記事	Do（リフォームローンの書式を確認したい）	書類・手続き	解説	ハウツー記事	書式	リフォームローン_書式		権威構築	補足
340	＋α	リフォームローン 年齢	N/A	30	記事	Do（リフォームローンの書式を確認したい）	書類・手続き	解説	ハウツー記事	書式	リフォームローン_書式		権威構築	補足
341	＋α	リフォームローン 年収100万	N/A	0	削除			解説		検索なし			対象外	不要
342	＋α	リフォームローン ノンバンク	N/A	30	記事	Do（リフォームローンの書式を確認したい）	書類・手続き	解説	ハウツー記事	書式	リフォームローン_書式		権威構築	補足
343	＋α	リフォームローン 農協	N/A	210	記事	Do（リフォームローンの書式を確認したい）	書類・手続き	解説	ハウツー記事	書式	リフォームローン_書式		権威構築	補足
344	＋α	リフォームローン 乗り換え	N/A	0	削除			解説		検索なし			対象外	不要
345	＋α	リフォームローン 納税証明書	N/A	0	削除			解説		検索なし			対象外	不要
346	＋α	リフォームローン お金 の流れ	N/A	50	記事	Do（リフォームローンの手続き・対策を知りたい）	手続き・対策	ハウツー	ハウツー記事	手続き・対策	リフォームローン_手続き・対策		権威構築	補足
347	＋α	リフォームローン 自分 の 口座	N/A	0	削除			解説		検索なし			対象外	不要
348	＋α	農協 リフォームローン 金利	30	170	記事	Know（リフォームローンの金利を比較したい）	比較・検討	比較・解説	ガイド記事	金利比較	リフォームローン_金利比較		権威構築	補足
349	＋α	農協 リフォームローン 審査	N/A	10	記事	Know（審査条件を知りたい）	融資・ローン	解説	解説記事	審査	リフォームローン_審査		権威構築	補足
350	＋α	農協 リフォームローン 必要書類	N/A	0	削除			解説		検索なし			対象外	不要
351	＋α	リフォームローン 八十二銀行	59	140	記事	Do（リフォームローンの書式を確認したい）	書類・手続き	解説	ハウツー記事	書式	リフォームローン_書式		権威構築	補足
352	＋α	リフォームローン 払えない	N/A	0	削除			解説		検索なし			対象外	不要
353	＋α	リフォームローン 派遣社員	N/A	10	記事	Do（リフォームローンの書式を確認したい）	書類・手続き	解説	ハウツー記事	書式	リフォームローン_書式		権威構築	補足
354	＋α	リフォームローン 配偶者	N/A	10	記事	Know（親族間のリフォームローンを知りたい）	融資・ローン	解説	解説記事	親族間	リフォームローン_親族間		権威構築	補足
355	＋α	リフォームローン はましん	N/A	0	削除			解説		検索なし			対象外	不要
356	＋α	リフォームローン 範囲	N/A	0	削除			解説		検索なし			対象外	不要
357	＋α	リフォームローン 八十二	N/A	0	削除			解説		検索なし			対象外	不要
358	＋α	リフォームローン 破産	N/A	0	削除			解説		検索なし			対象外	不要
359	＋α	中銀 リフォームローン	N/A	70	記事	Do（リフォームローンの書式を確認したい）	書類・手続き	解説	ハウツー記事	書式	リフォームローン_書式		権威構築	補足
360	＋α	リフォームローン 比較	51	170	記事	Buy（最適なリフォームローンを選びたい）	比較・検討	比較・解説	比較記事	おすすめ比較	リフォームローン_おすすめ比較		権威構築	補足
361	＋α	リフォームローン 必要書類	33	90	記事	Do（リフォームローンの申告をしたい）	確定申告	解説	ハウツー記事	申告・届出	リフォームローン_申告・届出	リフォームローンの確定申告・届出の方法と必要書類	権威構築	必須	解説記事
362	＋α	リフォームローン 肥後銀行	N/A	260	記事	Do（リフォームローンの書式を確認したい）	書類・手続き	解説	ハウツー記事	書式	リフォームローン_書式		権威構築	補足
363	＋α	リフォームローン 百五銀行	N/A	140	記事	Do（リフォームローンの書式を確認したい）	書類・手続き	解説	ハウツー記事	書式	リフォームローン_書式		権威構築	補足
364	＋α	リフォームローン 比較サイト	N/A	10	記事	Buy（最適なリフォームローンを選びたい）	比較・検討	比較・解説	比較記事	おすすめ比較	リフォームローン_おすすめ比較		権威構築	補足
365	＋α	リフォームローン 必要なもの	N/A	0	削除			解説		検索なし			対象外	不要
366	＋α	リフォームローン 福岡銀行	53	320	削除			解説		地域KW			対象外	不要
367	＋α	リフォームローン フラット35	N/A	110	記事	Do（リフォームローンの書式を確認したい）	書類・手続き	解説	ハウツー記事	書式	リフォームローン_書式		権威構築	補足
368	＋α	リフォームローン 振込先	N/A	20	記事	Do（リフォームローンの書式を確認したい）	書類・手続き	解説	ハウツー記事	書式	リフォームローン_書式		権威構築	補足
369	＋α	リフォームローン 複数	N/A	20	記事	Do（リフォームローンの書式を確認したい）	書類・手続き	解説	ハウツー記事	書式	リフォームローン_書式		権威構築	補足
370	＋α	リフォームローン 福井銀行	N/A	90	記事	Do（リフォームローンの書式を確認したい）	書類・手続き	解説	ハウツー記事	書式	リフォームローン_書式		権威構築	補足
371	＋α	リフォームローン 福銀	48	110	記事	Do（リフォームローンの書式を確認したい）	書類・手続き	解説	ハウツー記事	書式	リフォームローン_書式		権威構築	補足
372	＋α	リフォームローン 不動産投資	N/A	10	記事	Know（不動産でのリフォームローンを知りたい）	その他	解説	解説記事	不動産特化	リフォームローン_不動産特化	リフォームローンと不動産投資の関係を解説	権威構築	必須	解説記事
373	＋α	リフォームローン 福岡	N/A	10	削除			解説		地域KW			対象外	不要
374	＋α	リフォームローン 不動産担保	N/A	0	削除			解説		検索なし			対象外	不要
375	＋α	リフォームローン フリーローン	N/A	0	削除			解説		検索なし			対象外	不要
376	＋α	リフォームローン 返済期間	N/A	50	記事	Know（リフォームローンの時期を知りたい）	時期・スケジュール	解説	ガイド記事	時期・スケジュール	リフォームローン_時期・スケジュール		権威構築	補足
377	＋α	リフォームローン 変動金利	N/A	30	記事	Know（リフォームローンの金利を比較したい）	比較・検討	比較・解説	ガイド記事	金利比較	リフォームローン_金利比較		権威構築	補足
378	＋α	リフォームローン 返済比率	N/A	10	記事	Do（リフォームローンの書式を確認したい）	税金	解説	ハウツー記事	書式	リフォームローン税率		権威構築	補足
379	＋α	リフォームローン 平均金利	N/A	0	削除			解説		検索なし			対象外	不要
380	＋α	リフォームローン 返済シミュレーション	57	70	計算ページ	Do（リフォームローンをシミュレーションしたい）	計算方法	実務ガイド	計算ツール		リフォームローン計算	リフォームローンの計算方法・シミュレーション	ツール集客	必須	計算ツール
381	＋α	リフォームローン 変動 固定 どっち	N/A	0	削除			解説		検索なし			対象外	不要
382	＋α	リフォームローン 変動 固定	N/A	0	削除			解説		検索なし			対象外	不要
383	＋α	リフォームローン 返済額	N/A	10	記事	Do（リフォームローンの書式を確認したい）	書類・手続き	解説	ハウツー記事	書式	リフォームローン_書式		権威構築	補足
384	＋α	リフォームローン 返済	N/A	10	記事	Do（リフォームローンの書式を確認したい）	書類・手続き	解説	ハウツー記事	書式	リフォームローン_書式		権威構築	補足
385	＋α	リフォームローン 変動金利 固定金利 どっち	N/A	0	削除			解説		検索なし			対象外	不要
386	＋α	リフォームローン 北海道 おすすめ	N/A	90	削除			解説		地域KW			対象外	不要
387	＋α	リフォームローン 北洋銀行	53	390	記事	Do（リフォームローンの書式を確認したい）	書類・手続き	解説	ハウツー記事	書式	リフォームローン_書式		権威構築	補足
388	＋α	リフォームローン 北陸銀行	N/A	170	記事	Do（リフォームローンの書式を確認したい）	書類・手続き	解説	ハウツー記事	書式	リフォームローン_書式		権威構築	補足
389	＋α	リフォームローン 補助金	N/A	70	記事	Do（リフォームローンの書式を確認したい）	書類・手続き	解説	ハウツー記事	書式	リフォームローン_書式		権威構築	補足
390	＋α	リフォームローン 法人	N/A	70	記事	Do（リフォームローンの書式を確認したい）	書類・手続き	解説	ハウツー記事	書式	リフォームローン_書式		権威構築	補足
391	＋α	リフォームローン 保証人	N/A	30	記事	Do（リフォームローンの書式を確認したい）	書類・手続き	解説	ハウツー記事	書式	リフォームローン_書式		権威構築	補足
392	＋α	リフォームローン 本審査 期間	N/A	0	削除			解説		検索なし			対象外	不要
393	＋α	リフォームローン 北海道	N/A	30	削除			解説		地域KW			対象外	不要
394	＋α	リフォームローン 北海道銀行	N/A	140	削除			解説		地域KW			対象外	不要
395	＋α	リフォームローン 保証料	N/A	10	記事	Do（リフォームローンの書式を確認したい）	書類・手続き	解説	ハウツー記事	書式	リフォームローン_書式		権威構築	補足
396	＋α	リフォームローン まとめる	N/A	10	記事	Do（リフォームローンの書式を確認したい）	書類・手続き	解説	ハウツー記事	書式	リフォームローン_書式		権威構築	補足
397	＋α	リフォームローン 前金	N/A	10	記事	Do（リフォームローンの書式を確認したい）	書類・手続き	解説	ハウツー記事	書式	リフォームローン_書式		権威構築	補足
398	＋α	リフォームローン マイカーローン	N/A	10	記事	Do（リフォームローンの書式を確認したい）	書類・手続き	解説	ハウツー記事	書式	リフォームローン_書式		権威構築	補足
399	＋α	リフォームローン マンション	N/A	90	記事	Know（不動産でのリフォームローンを知りたい）	その他	解説	解説記事	不動産特化	リフォームローン_不動産特化	リフォームローンと不動産投資の関係を解説	権威構築	必須	解説記事
400	＋α	リフォームローン 毎月返済額	N/A	0	削除			解説		検索なし			対象外	不要
401	＋α	リフォームローン 前払い	N/A	0	削除			解説		検索なし			対象外	不要
402	＋α	リフォームローン 間に合わない	N/A	0	削除			解説		検索なし			対象外	不要
403	＋α	住宅ローン リフォームローン まとめる	N/A	20	記事	Know（住宅ローンとの関係を知りたい）	住宅タイプ別	解説	解説記事	住宅ローン連携	リフォームローン_住宅ローン連携		権威構築	補足
404	＋α	北洋銀行 リフォームローン マイページ	N/A	0	削除			解説		検索なし			対象外	不要
405	＋α	ジャックス リフォームローン いくら まで	N/A	0	削除			解説		検索なし			対象外	不要
406	＋α	リフォームローン 三井住友	55	320	記事	Do（リフォームローンの書式を確認したい）	書類・手続き	解説	ハウツー記事	書式	リフォームローン_書式		権威構築	補足
407	＋α	リフォームローン 三菱ufj	57	320	記事	Do（リフォームローンの書式を確認したい）	書類・手続き	解説	ハウツー記事	書式	リフォームローン_書式		権威構築	補足
408	＋α	リフォームローン みずほ	58	140	記事	Do（リフォームローンの書式を確認したい）	書類・手続き	解説	ハウツー記事	書式	リフォームローン_書式		権威構築	補足
409	＋α	リフォームローン 宮崎銀行	N/A	110	記事	Do（リフォームローンの書式を確認したい）	書類・手続き	解説	ハウツー記事	書式	リフォームローン_書式		権威構築	補足
410	＋α	リフォームローン 見積書	51	20	記事	Do（リフォームローンの書式を確認したい）	書類・手続き	解説	ハウツー記事	書式	リフォームローン_書式		権威構築	補足
411	＋α	リフォームローン 三菱	N/A	50	記事	Do（リフォームローンの書式を確認したい）	書類・手続き	解説	ハウツー記事	書式	リフォームローン_書式		権威構築	補足
412	＋α	リフォームローン 三井住友信託	N/A	30	記事	Know（金融商品のリフォームローンを知りたい）	融資・ローン	解説	解説記事	金融商品	リフォームローン_金融商品		権威構築	補足
413	＋α	リフォームローン 南日本銀行	N/A	0	削除			解説		検索なし			対象外	不要
414	＋α	リフォームローン 民泊	N/A	0	削除			解説		検索なし			対象外	不要
415	＋α	リフォームローン 見積もり以上	51	30	記事	Do（リフォームローンの書式を確認したい）	書類・手続き	解説	ハウツー記事	書式	リフォームローン_書式		権威構築	補足
416	＋α	リフォームローン 無担保	33	140	記事	Do（リフォームローンの書式を確認したい）	書類・手続き	解説	ハウツー記事	書式	リフォームローン_書式		権威構築	補足
417	＋α	リフォームローン 無金利	N/A	50	記事	Know（リフォームローンの金利を比較したい）	比較・検討	比較・解説	ガイド記事	金利比較	リフォームローン_金利比較		権威構築	補足
418	＋α	リフォームローン 武蔵野銀行	47	170	記事	Do（リフォームローンの書式を確認したい）	書類・手続き	解説	ハウツー記事	書式	リフォームローン_書式		権威構築	補足
419	＋α	リフォームローン 無職	N/A	30	記事	Do（リフォームローンの書式を確認したい）	書類・手続き	解説	ハウツー記事	書式	リフォームローン_書式		権威構築	補足
420	＋α	リフォームローン 無金利キャンペーン2025	N/A	110	記事	Know（リフォームローンの金利を比較したい）	比較・検討	比較・解説	ガイド記事	金利比較	リフォームローン_金利比較		権威構築	補足
421	＋α	リフォームローン 無金利キャンペーン	N/A	90	記事	Know（リフォームローンの金利を比較したい）	比較・検討	比較・解説	ガイド記事	金利比較	リフォームローン_金利比較		権威構築	補足
422	＋α	リフォームローン 無担保 ランキング	N/A	50	記事	Buy（最適なリフォームローンを選びたい）	比較・検討	比較・解説	比較記事	おすすめ比較	リフォームローン_おすすめ比較		権威構築	補足
423	＋α	リフォームローン 無担保 2 000万	N/A	0	削除			解説		検索なし			対象外	不要
424	＋α	リフォームローン 無金利キャンペーン 2024	23	90	記事	Know（リフォームローンの金利を比較したい）	比較・検討	比較・解説	ガイド記事	金利比較	リフォームローン_金利比較		権威構築	補足
425	＋α	リフォームローン mufg	N/A	0	削除			解説		検索なし			対象外	不要
426	＋α	リフォームローン メリット	N/A	20	記事	Know（リフォームローンのメリット・リスクを知りたい）	比較・検討	解説	解説記事	比較・検討	リフォームローン_比較・検討		権威構築	補足
427	＋α	リフォームローン 名義変更	N/A	10	記事	Know（リフォームローンの改正内容を知りたい）	法律・制度	解説	解説記事	法改正	リフォームローン_法改正		権威構築	補足
428	＋α	リフォームローン 名義	N/A	20	記事	Do（リフォームローンの書式を確認したい）	書類・手続き	解説	ハウツー記事	書式	リフォームローン_書式		権威構築	補足
429	＋α	リフォームローン メリット デメリット	N/A	0	削除			解説		検索なし			対象外	不要
430	＋α	リフォームローン 名義違う	N/A	50	記事	Do（リフォームローンの書式を確認したい）	書類・手続き	解説	ハウツー記事	書式	リフォームローン_書式		権威構築	補足
431	＋α	リフォームローン 名義貸し	N/A	0	削除			解説		検索なし			対象外	不要
432	＋α	リフォームローン 名義人以外	N/A	0	削除			解説		検索なし			対象外	不要
433	＋α	リフォームローン 年収 目安	N/A	20	記事	Know（リフォームローンの金額・相場を知りたい）	相場	データ一覧	ガイド記事	相場ガイド	リフォームローン_相場ガイド		権威構築	補足
434	＋α	リフォームローン 他人 名義	N/A	10	記事	Do（リフォームローンの書式を確認したい）	書類・手続き	解説	ハウツー記事	書式	リフォームローン_書式		権威構築	補足
435	＋α	リフォームローン 建物 名義	N/A	0	削除			解説		検索なし			対象外	不要
436	＋α	リフォームローン 申し込み	N/A	10	記事	Do（リフォームローンの書式を確認したい）	書類・手続き	解説	ハウツー記事	書式	リフォームローン_書式		権威構築	補足
437	＋α	リフォームローン もみじ銀行	N/A	0	削除			解説		検索なし			対象外	不要
438	＋α	リフォームローン 持分	N/A	0	削除			解説		検索なし			対象外	不要
439	＋α	リフォームローン モゲチェック	N/A	0	削除			解説		検索なし			対象外	不要
440	＋α	リフォームローン 物置	N/A	0	削除			解説		検索なし			対象外	不要
441	＋α	オリコ リフォームローン 申し込み	N/A	0	削除			解説		検索なし			対象外	不要
442	＋α	オリコ リフォームローン 申込書	N/A	0	削除			解説		検索なし			対象外	不要
443	＋α	ジャックス リフォームローン 申し込み	N/A	10	記事	Do（リフォームローンの書式を確認したい）	書類・手続き	解説	ハウツー記事	書式	リフォームローン_書式		権威構築	補足
444	＋α	イオン銀行 リフォームローン 申し込み	N/A	0	削除			解説		検索なし			対象外	不要
445	＋α	もみじ銀行 リフォームローン 金利	N/A	0	削除			解説		検索なし			対象外	不要
446	＋α	リフォームローン 安い	N/A	50	記事	Do（リフォームローンの書式を確認したい）	書類・手続き	解説	ハウツー記事	書式	リフォームローン_書式		権威構築	補足
447	＋α	リフォームローン 山口銀行	N/A	70	記事	Do（リフォームローンの書式を確認したい）	書類・手続き	解説	ハウツー記事	書式	リフォームローン_書式		権威構築	補足
448	＋α	リフォームローン 山梨中央銀行	N/A	0	削除			解説		検索なし			対象外	不要
449	＋α	リフォームローン 安い金利	N/A	20	記事	Know（リフォームローンの金利を比較したい）	比較・検討	比較・解説	ガイド記事	金利比較	リフォームローン_金利比較		権威構築	補足
450	＋α	リフォームローン 安いとこ	N/A	0	削除			解説		検索なし			対象外	不要
451	＋α	リフォームローン 山形銀行	N/A	50	記事	Do（リフォームローンの書式を確認したい）	書類・手続き	解説	ハウツー記事	書式	リフォームローン_書式		権威構築	補足
452	＋α	リフォームローン 山梨	N/A	0	削除			解説		検索なし			対象外	不要
453	＋α	リフォームローン 安い銀行	N/A	0	削除			解説		検索なし			対象外	不要
454	＋α	リフォームローン 安く借りる	N/A	0	削除			解説		検索なし			対象外	不要
455	＋α	リフォームローン ヤマダ電機	N/A	0	削除			解説		検索なし			対象外	不要
456	＋α	リフォームローン 有担保型	N/A	30	記事	Do（リフォームローンの書式を確認したい）	書類・手続き	解説	ハウツー記事	書式	リフォームローン_書式		権威構築	補足
457	＋α	リフォームローン 融資実行日	N/A	20	記事	Do（リフォームローンの書式を確認したい）	書類・手続き	解説	ハウツー記事	書式	リフォームローン_書式		権威構築	補足
458	＋α	リフォームローン ゆうちょ	N/A	90	記事	Do（リフォームローンの書式を確認したい）	書類・手続き	解説	ハウツー記事	書式	リフォームローン_書式		権威構築	補足
459	＋α	リフォームローン 有担保	N/A	50	記事	Do（リフォームローンの書式を確認したい）	書類・手続き	解説	ハウツー記事	書式	リフォームローン_書式		権威構築	補足
460	＋α	リフォームローン 融資実行 タイミング	N/A	10	記事	Know（リフォームローンの時期を知りたい）	時期・スケジュール	解説	ガイド記事	時期・スケジュール	リフォームローン_時期・スケジュール		権威構築	補足
461	＋α	リフォームローン ゆるい	N/A	0	削除			解説		検索なし			対象外	不要
462	＋α	リフォームローン ゆとりr35	N/A	10	記事	Do（リフォームローンの書式を確認したい）	書類・手続き	解説	ハウツー記事	書式	リフォームローン_書式		権威構築	補足
463	＋α	リフォームローン 融資	N/A	10	記事	Do（リフォームローンの書式を確認したい）	書類・手続き	解説	ハウツー記事	書式	リフォームローン_書式		権威構築	補足
464	＋α	リフォームローン 融資実行	N/A	10	記事	Do（リフォームローンの書式を確認したい）	書類・手続き	解説	ハウツー記事	書式	リフォームローン_書式		権威構築	補足
465	＋α	リフォームローン 優遇	N/A	0	削除			解説		検索なし			対象外	不要
466	＋α	リフォームローン 横浜銀行	56	720	削除			解説		地域KW			対象外	不要
467	＋α	リフォームローン 用途	N/A	10	記事	Do（リフォームローンの書式を確認したい）	書類・手続き	解説	ハウツー記事	書式	リフォームローン_書式		権威構築	補足
468	＋α	リフォームローン 横浜信用金庫	N/A	0	削除			解説		検索なし			対象外	不要
469	＋α	リフォームローン 横浜	N/A	10	削除			解説		地域KW			対象外	不要
470	＋α	リフォームローン 要件	N/A	0	削除			解説		検索なし			対象外	不要
471	＋α	リフォームローン 与信	N/A	0	削除			解説		検索なし			対象外	不要
472	＋α	リフォームローン よこしん	N/A	0	削除			解説		検索なし			対象外	不要
473	＋α	横浜銀行 リフォームローン 金利	59	40	削除			解説		地域KW			対象外	不要
474	＋α	横浜銀行 リフォームローン シミュレーション	N/A	50	計算ページ	Do（リフォームローンをシミュレーションしたい）	計算方法	実務ガイド	計算ツール		リフォームローン計算	リフォームローンの計算方法・シミュレーション	ツール集客	必須	計算ツール
475	＋α	リフォームローン ランキング	33	70	記事	Buy（最適なリフォームローンを選びたい）	比較・検討	比較・解説	比較記事	おすすめ比較	リフォームローン_おすすめ比較		権威構築	補足
476	＋α	リフォームローン 来店不要	N/A	10	記事	Do（リフォームローンの書式を確認したい）	書類・手続き	解説	ハウツー記事	書式	リフォームローン_書式		権威構築	補足
477	＋α	リフォームローン 金利 ランキング	53	1900	記事	Know（リフォームローンの金利を比較したい）	比較・検討	比較・解説	ガイド記事	金利比較	リフォームローン_金利比較		権威構築	補足
478	＋α	リフォームローン 固定金利 ランキング	50	50	記事	Know（リフォームローンの金利を比較したい）	比較・検討	比較・解説	ガイド記事	金利比較	リフォームローン_金利比較		権威構築	補足
479	＋α	リフォームローン 低金利 ランキング	N/A	10	記事	Know（リフォームローンの金利を比較したい）	比較・検討	比較・解説	ガイド記事	金利比較	リフォームローン_金利比較		権威構築	補足
480	＋α	リフォームローン りそな	54	390	記事	Do（リフォームローンの書式を確認したい）	書類・手続き	解説	ハウツー記事	書式	リフォームローン_書式		権威構築	補足
481	＋α	リフォームローン 利率	N/A	40	記事	Know（リフォームローンの金利を比較したい）	税金	比較・解説	ガイド記事	金利比較	リフォームローン税率		権威構築	補足
482	＋α	リフォームローン 領収書	N/A	10	記事	Do（リフォームローンの書式を確認したい）	書類・手続き	解説	ハウツー記事	書式	リフォームローン_書式		権威構築	補足
483	＋α	リフォームローン 利息	N/A	10	記事	Do（リフォームローンの書式を確認したい）	書類・手続き	解説	ハウツー記事	書式	リフォームローン_書式		権威構築	補足
484	＋α	リフォームローン リフォーム会社	N/A	0	削除			解説		検索なし			対象外	不要
485	＋α	リフォームローン リクシル	N/A	70	記事	Do（リフォームローンの書式を確認したい）	書類・手続き	解説	ハウツー記事	書式	リフォームローン_書式		権威構築	補足
486	＋α	リフォームローン 琉球銀行	N/A	0	削除			解説		検索なし			対象外	不要
487	＋α	リフォームローン リボ払い	N/A	0	削除			解説		検索なし			対象外	不要
488	＋α	リフォームローン 離婚	N/A	0	削除			解説		検索なし			対象外	不要
489	＋α	留萌信金 リフォームローン	N/A	0	削除			解説		検索なし			対象外	不要
490	＋α	リフォームローン 連帯保証人	N/A	20	記事	Do（リフォームローンの書式を確認したい）	書類・手続き	解説	ハウツー記事	書式	リフォームローン_書式		権威構築	補足
491	＋α	リフォームローン 連帯債務	N/A	0	削除			解説		検索なし			対象外	不要
492	＋α	リフォームローン 連名	N/A	0	削除			解説		検索なし			対象外	不要
493	＋α	オリコ リフォームローン 連帯保証人	N/A	0	削除			解説		検索なし			対象外	不要
494	＋α	ジャックス リフォームローン 連帯保証人	N/A	0	削除			解説		検索なし			対象外	不要
495	＋α	リフォームローン ローン控除	N/A	10	記事	Know（リフォームローン控除を理解したい）	控除・特例	解説	解説記事	控除・減税	リフォームローン控除	リフォームローンの控除・軽減措置まとめ	権威構築	必須	解説記事
496	＋α	リフォームローン ローン減税	N/A	0	削除			解説		検索なし			対象外	不要
497	＋α	ジャックス リフォームローン ログイン	N/A	0	削除			解説		検索なし			対象外	不要
498	＋α	オリコ リフォームローン ログイン	N/A	0	削除			解説		検索なし			対象外	不要
499	＋α	リフォームローン 和歌山	N/A	10	記事	Do（リフォームローンの書式を確認したい）	書類・手続き	解説	ハウツー記事	書式	リフォームローン_書式		権威構築	補足
500	＋α	リフォームローン 確定申告 忘れた	N/A	20	記事	Know（リフォームローン控除を理解したい）	確定申告	解説	解説記事	控除・減税	リフォームローン申告	リフォームローンの確定申告・届出の方法と必要書類	権威構築	必須	解説記事
501	＋α	稚内信金 リフォームローン	N/A	0	削除			解説		検索なし			対象外	不要
502	＋α	たかし ん リフォームローン	N/A	0	削除			解説		検索なし			対象外	不要
503	＋α	リフォームローン 外壁塗装	46	90	記事	Do（リフォームローンの書式を確認したい）	書類・手続き	解説	ハウツー記事	書式	リフォームローン_書式		権威構築	補足
504	＋α	リフォームローン ガレージ	N/A	0	削除			解説		検索なし			対象外	不要
505	＋α	リフォームローン 外国人	N/A	20	記事	Know（海外のリフォームローンを知りたい）	融資・ローン	解説	解説記事	海外	リフォームローン_海外		権威構築	補足
506	＋α	リフォームローン 外壁	N/A	0	削除			解説		検索なし			対象外	不要
507	＋α	リフォームローン 合算	N/A	0	削除			解説		検索なし			対象外	不要
508	＋α	リフォームローン がん団信	N/A	0	削除			解説		検索なし			対象外	不要
509	＋α	リフォームローン がん	N/A	0	削除			解説		検索なし			対象外	不要
510	＋α	リフォームローン 外国籍	N/A	0	削除			解説		検索なし			対象外	不要
511	＋α	リフォームローン 銀行	33	320	記事	Do（リフォームローンの書式を確認したい）	書類・手続き	解説	ハウツー記事	書式	リフォームローン_書式		権威構築	補足
512	＋α	リフォームローン 業者 変更	N/A	0	削除			解説		検索なし			対象外	不要
513	＋α	リフォームローン 岐阜信用金庫	N/A	0	削除			解説		検索なし			対象外	不要
514	＋α	リフォームローン 銀行 比較	N/A	20	記事	Buy（最適なリフォームローンを選びたい）	比較・検討	比較・解説	比較記事	おすすめ比較	リフォームローン_おすすめ比較		権威構築	補足
515	＋α	リフォームローン 銀行 金利	N/A	0	削除			解説		検索なし			対象外	不要
516	＋α	リフォームローン 業者	N/A	10	記事	Do（リフォームローンの書式を確認したい）	書類・手続き	解説	ハウツー記事	書式	リフォームローン_書式		権威構築	補足
517	＋α	リフォームローン 銀行以外	N/A	0	削除			解説		検索なし			対象外	不要
518	＋α	リフォームローン 銀行 所得 500万	N/A	0	削除			解説		検索なし			対象外	不要
519	＋α	イオン 銀行 リフォームローン	57	720	記事	Do（リフォームローンの書式を確認したい）	書類・手続き	解説	ハウツー記事	書式	リフォームローン_書式		権威構築	補足
520	＋α	りそな 銀行 リフォームローン	60	390	記事	Do（リフォームローンの書式を確認したい）	書類・手続き	解説	ハウツー記事	書式	リフォームローン_書式		権威構築	補足
521	＋α	リフォームローン 群馬銀行	53	210	削除			解説		地域KW			対象外	不要
522	＋α	リフォームローン 群馬	N/A	0	削除			解説		検索なし			対象外	不要
523	＋α	リフォームローン 群銀	N/A	0	削除			解説		検索なし			対象外	不要
524	＋α	グリーン リフォームローン	40	480	記事	Do（リフォームローンの書式を確認したい）	書類・手続き	解説	ハウツー記事	書式	リフォームローン_書式		権威構築	補足
525	＋α	群馬銀行 リフォームローン 金利	N/A	30	削除			解説		地域KW			対象外	不要
526	＋α	群馬銀行 リフォームローン 審査 厳しい	N/A	0	削除			解説		検索なし			対象外	不要
527	＋α	群銀 リフォームローン 金利	N/A	0	削除			解説		検索なし			対象外	不要
528	＋α	リフォームローン 減税	29	320	記事	Know（リフォームローン控除を理解したい）	控除・特例	解説	解説記事	控除・減税	リフォームローン控除	リフォームローンの控除・軽減措置まとめ	権威構築	必須	解説記事
529	＋α	リフォームローン 限度額	N/A	20	記事	Do（リフォームローンの書式を確認したい）	書類・手続き	解説	ハウツー記事	書式	リフォームローン_書式		権威構築	補足
530	＋α	リフォームローン 減税 確定申告	N/A	20	記事	Know（リフォームローン控除を理解したい）	確定申告	解説	解説記事	控除・減税	リフォームローン申告	リフォームローンの確定申告・届出の方法と必要書類	権威構築	必須	解説記事
531	＋α	リフォームローン 減税 条件	N/A	70	記事	Know（リフォームローン控除を理解したい）	控除・特例	解説	解説記事	控除・減税	リフォームローン控除	リフォームローンの控除・軽減措置まとめ	権威構築	必須	解説記事
532	＋α	リフォームローン 現金	N/A	10	記事	Do（リフォームローンの書式を確認したい）	書類・手続き	解説	ハウツー記事	書式	リフォームローン_書式		権威構築	補足
533	＋α	リフォームローン 減税 外壁塗装	46	10	記事	Know（リフォームローン控除を理解したい）	控除・特例	解説	解説記事	控除・減税	リフォームローン控除	リフォームローンの控除・軽減措置まとめ	権威構築	必須	解説記事
534	＋α	リフォームローン 源泉徴収票	N/A	0	削除			解説		検索なし			対象外	不要
535	＋α	リフォームローン 減額	N/A	0	削除			解説		検索なし			対象外	不要
536	＋α	リフォームローン 源泉徴収	N/A	0	削除			解説		検索なし			対象外	不要
537	＋α	リフォームローン 減価償却	N/A	0	削除			解説		検索なし			対象外	不要
538	＋α	リフォームローン ごうぎん	N/A	70	記事	Do（リフォームローンの書式を確認したい）	書類・手続き	解説	ハウツー記事	書式	リフォームローン_書式		権威構築	補足
539	＋α	リフォームローン 合銀	N/A	0	削除			解説		検索なし			対象外	不要
540	＋α	リフォームローン 後から	N/A	0	削除			解説		検索なし			対象外	不要
541	＋α	リフォームローン 残高証明書	N/A	10	記事	Do（リフォームローンの書式を確認したい）	書類・手続き	解説	ハウツー記事	書式	リフォームローン_書式		権威構築	補足
542	＋α	リフォームローン 在籍確認	N/A	10	記事	Do（リフォームローンの書式を確認したい）	書類・手続き	解説	ハウツー記事	書式	リフォームローン_書式		権威構築	補足
543	＋α	リフォームローン 財産分与	N/A	0	削除			解説		検索なし			対象外	不要
544	＋α	リフォームローン 残債	N/A	0	削除			解説		検索なし			対象外	不要
545	＋α	オリコ リフォームローン 残高確認	N/A	10	記事	Do（リフォームローンの書式を確認したい）	書類・手続き	解説	ハウツー記事	書式	リフォームローン_書式		権威構築	補足
546	＋α	オリコ リフォームローン 残債	N/A	0	削除			解説		検索なし			対象外	不要
547	＋α	ジャックス リフォームローン 残高確認	N/A	0	削除			解説		検索なし			対象外	不要
548	＋α	財住金 リフォームローン	N/A	0	削除			解説		検索なし			対象外	不要
549	＋α	財形貯蓄 リフォームローン	N/A	0	削除			解説		検索なし			対象外	不要
550	＋α	リフォームローン 常陽銀行	56	480	記事	Do（リフォームローンの書式を確認したい）	書類・手続き	解説	ハウツー記事	書式	リフォームローン_書式		権威構築	補足
551	＋α	リフォームローン 住宅ローン 違い	33	170	記事	Know（住宅ローンとの関係を知りたい）	住宅タイプ別	解説	解説記事	住宅ローン連携	リフォームローン_住宅ローン連携		権威構築	補足
552	＋α	リフォームローン 住宅ローン	33	320	記事	Know（住宅ローンとの関係を知りたい）	住宅タイプ別	解説	解説記事	住宅ローン連携	リフォームローン_住宅ローン連携		権威構築	補足
553	＋α	リフォームローン 住宅ローン 併用	N/A	140	記事	Know（住宅ローンとの関係を知りたい）	住宅タイプ別	解説	解説記事	住宅ローン連携	リフォームローン_住宅ローン連携		権威構築	補足
554	＋α	リフォームローン 上限	N/A	30	記事	Do（リフォームローンの書式を確認したい）	書類・手続き	解説	ハウツー記事	書式	リフォームローン_書式		権威構築	補足
555	＋α	リフォームローン 住宅控除	N/A	20	記事	Know（リフォームローン控除を理解したい）	控除・特例	解説	解説記事	控除・減税	リフォームローン控除	リフォームローンの控除・軽減措置まとめ	権威構築	必須	解説記事
556	＋α	リフォームローン 条件	N/A	40	記事	Know（審査条件を知りたい）	融資・ローン	解説	解説記事	審査	リフォームローン_審査		権威構築	補足
557	＋α	リフォームローン 税金控除	N/A	40	記事	Know（リフォームローン控除を理解したい）	控除・特例	解説	解説記事	控除・減税	リフォームローン控除	リフォームローンの控除・軽減措置まとめ	権威構築	必須	解説記事
558	＋α	リフォームローン 税額控除	N/A	10	記事	Know（リフォームローン控除を理解したい）	控除・特例	解説	解説記事	控除・減税	リフォームローン控除	リフォームローンの控除・軽減措置まとめ	権威構築	必須	解説記事
559	＋α	リフォームローン 税金	N/A	10	記事	Do（リフォームローンの書式を確認したい）	書類・手続き	解説	ハウツー記事	書式	リフォームローン_書式		権威構築	補足
560	＋α	リフォームローン 全国対応	N/A	0	削除			解説		検索なし			対象外	不要
561	＋α	リフォームローン 税金対策	N/A	0	削除			解説		検索なし			対象外	不要
562	＋α	リフォームローン 全国	N/A	0	削除			解説		検索なし			対象外	不要
563	＋α	リフォームローン 税制優遇	N/A	0	削除			解説		検索なし			対象外	不要
564	＋α	全国保証 リフォームローン	N/A	0	削除			解説		検索なし			対象外	不要
565	＋α	リフォームローン 贈与税	N/A	20	記事	Do（リフォームローンの書式を確認したい）	書類・手続き	解説	ハウツー記事	書式	リフォームローン_書式		権威構築	補足
566	＋α	リフォームローン 贈与税 かからない	31	10	記事	Do（リフォームローンの書式を確認したい）	書類・手続き	解説	ハウツー記事	書式	リフォームローン_書式		権威構築	補足
567	＋α	リフォームローン 贈与	N/A	0	削除			解説		検索なし			対象外	不要
568	＋α	リフォームローン 増額	N/A	0	削除			解説		検索なし			対象外	不要
569	＋α	リフォームローン 増築	N/A	0	削除			解説		検索なし			対象外	不要
570	＋α	リフォームローン 増改築等工事証明書	N/A	0	削除			解説		検索なし			対象外	不要
571	＋α	リフォームローン かい ぞう くん	N/A	0	削除			解説		検索なし			対象外	不要
572	＋α	リフォームローン 団信	56	140	記事	Know（保険とリフォームローンの関係を知りたい）	融資・ローン	解説	解説記事	保険	リフォームローン_保険		権威構築	補足
573	＋α	リフォームローン 団体信用生命保険	N/A	20	記事	Know（保険とリフォームローンの関係を知りたい）	融資・ローン	解説	解説記事	保険	リフォームローン_保険		権威構築	補足
574	＋α	リフォームローン 団信なし	N/A	20	記事	Know（保険とリフォームローンの関係を知りたい）	融資・ローン	解説	解説記事	保険	リフォームローン_保険		権威構築	補足
575	＋α	リフォームローン 第四北越銀行	N/A	30	記事	Do（リフォームローンの書式を確認したい）	書類・手続き	解説	ハウツー記事	書式	リフォームローン_書式		権威構築	補足
576	＋α	リフォームローン 団信あり	N/A	20	記事	Know（保険とリフォームローンの関係を知りたい）	融資・ローン	解説	解説記事	保険	リフォームローン_保険		権威構築	補足
577	＋α	リフォームローン 代理店	N/A	0	削除			解説		検索なし			対象外	不要
578	＋α	リフォームローン 団信 不要	N/A	30	記事	Know（保険とリフォームローンの関係を知りたい）	融資・ローン	解説	解説記事	保険	リフォームローン_保険		権威構築	補足
579	＋α	リフォームローン だんしん	N/A	0	削除			解説		検索なし			対象外	不要
580	＋α	リフォームローン 団信 必要か	N/A	20	記事	Know（保険とリフォームローンの関係を知りたい）	融資・ローン	解説	解説記事	保険	リフォームローン_保険		権威構築	補足
581	＋α	リフォームローン 第四銀行	N/A	70	記事	Do（リフォームローンの書式を確認したい）	書類・手続き	解説	ハウツー記事	書式	リフォームローン_書式		権威構築	補足
582	＋α	リフォームローン diy	N/A	10	記事	Do（リフォームローンの書式を確認したい）	書類・手続き	解説	ハウツー記事	書式	リフォームローン_書式		権威構築	補足
583	＋α	リフォームローン デメリット	N/A	10	記事	Know（リフォームローンのメリット・リスクを知りたい）	比較・検討	解説	解説記事	比較・検討	リフォームローン_比較・検討		権威構築	補足
584	＋α	オリコ リフォームローン 電話	N/A	10	記事	Do（リフォームローンの書式を確認したい）	書類・手続き	解説	ハウツー記事	書式	リフォームローン_書式		権威構築	補足
585	＋α	オリコ リフォームローン 電話番号	N/A	0	削除			解説		検索なし			対象外	不要
586	＋α	ジャックス リフォームローン 電話番号	N/A	0	削除			解説		検索なし			対象外	不要
587	＋α	滋賀銀行 リフォームローン 電話番号	N/A	0	削除			解説		検索なし			対象外	不要
588	＋α	ヤマダ 電機 リフォームローン 金利	N/A	10	記事	Know（リフォームローンの金利を比較したい）	比較・検討	比較・解説	ガイド記事	金利比較	リフォームローン_金利比較		権威構築	補足
589	＋α	リフォームローン どこがいい	N/A	40	記事	Buy（最適なリフォームローンを選びたい）	比較・検討	比較・解説	比較記事	おすすめ比較	リフォームローン_おすすめ比較		権威構築	補足
590	＋α	リフォームローン どこに振り込まれる	N/A	0	削除			解説		検索なし			対象外	不要
591	＋α	リフォームローン どこまで	N/A	0	削除			解説		検索なし			対象外	不要
592	＋α	リフォームローン 導入	N/A	0	削除			解説		検索なし			対象外	不要
593	＋α	リフォームローン どのくらい	N/A	0	削除			解説		検索なし			対象外	不要
594	＋α	リフォームローン どれくらい	N/A	0	削除			解説		検索なし			対象外	不要
595	＋α	リフォームローン どれくらいかかる	N/A	0	削除			解説		検索なし			対象外	不要
596	＋α	住宅ローン リフォームローン 同時	32	70	記事	Know（住宅ローンとの関係を知りたい）	住宅タイプ別	解説	解説記事	住宅ローン連携	リフォームローン_住宅ローン連携		権威構築	補足
597	＋α	リフォームローン 売却	N/A	0	削除			解説		検索なし			対象外	不要
598	＋α	播州信用金庫 リフォームローン	N/A	10	記事	Do（リフォームローンの書式を確認したい）	書類・手続き	解説	ハウツー記事	書式	リフォームローン_書式		権威構築	補足
599	＋α	200 万 リフォームローン 月々 いくら	N/A	10	記事	Know（リフォームローンの金額・相場を知りたい）	計算方法	データ一覧	ガイド記事	相場ガイド	リフォームローン計算	リフォームローンの計算方法・シミュレーション	権威構築	必須	計算ツール
600	＋α	500 万 リフォームローン 15年	N/A	0	削除			解説		検索なし			対象外	不要
601	＋α	ばんしん リフォームローン	N/A	0	削除			解説		検索なし			対象外	不要
602	＋α	リフォームローン 病気	N/A	0	削除			解説		検索なし			対象外	不要
603	＋α	ビックカメラ リフォームローン	N/A	10	記事	Do（リフォームローンの書式を確認したい）	書類・手続き	解説	ハウツー記事	書式	リフォームローン_書式		権威構築	補足
604	＋α	尾西信用金庫 リフォームローン	N/A	0	削除			解説		検索なし			対象外	不要
605	＋α	ビバホーム リフォームローン	N/A	10	記事	Do（リフォームローンの書式を確認したい）	書類・手続き	解説	ハウツー記事	書式	リフォームローン_書式		権威構築	補足
606	＋α	リフォームローン 分割融資	N/A	0	削除			解説		検索なし			対象外	不要
607	＋α	リフォームローン ブラックリスト	N/A	20	記事	Do（リフォームローンの書式を確認したい）	書類・手続き	解説	ハウツー記事	書式	リフォームローン_書式		権威構築	補足
608	＋α	リフォームローン ブラックでも	N/A	0	削除			解説		検索なし			対象外	不要
609	＋α	リフォームローン ブログ	N/A	10	記事	Do（リフォームローンの書式を確認したい）	書類・手続き	解説	ハウツー記事	書式	リフォームローン_書式		権威構築	補足
610	＋α	リフォームローン 分割実行	N/A	0	削除			解説		検索なし			対象外	不要
611	＋α	リフォームローン 分割	N/A	0	削除			解説		検索なし			対象外	不要
612	＋α	リフォームローン 別荘	N/A	0	削除			解説		検索なし			対象外	不要
613	＋α	リフォームローン 住宅ローン 別	N/A	0	削除			解説		検索なし			対象外	不要
614	＋α	リフォームローン ボーナス払い	N/A	0	削除			解説		検索なし			対象外	不要
615	＋α	母子家庭 リフォームローン	N/A	10	記事	Know（親族間のリフォームローンを知りたい）	融資・ローン	解説	解説記事	親族間	リフォームローン_親族間		権威構築	補足
616	＋α	防衛省 リフォームローン	N/A	0	削除			解説		検索なし			対象外	不要
617	＋α	防衛省共済組合 リフォームローン	N/A	0	削除			解説		検索なし			対象外	不要
618	＋α	房総信用組合 リフォームローン	N/A	0	削除			解説		検索なし			対象外	不要
619	＋α	リフォームローン パート	32	50	記事	Do（リフォームローンの書式を確認したい）	書類・手続き	解説	ハウツー記事	書式	リフォームローン_書式		権威構築	補足
620	＋α	リフォームローン paypay	N/A	0	削除			解説		検索なし			対象外	不要
621	＋α	リフォームローン paypay銀行	N/A	0	削除			解説		検索なし			対象外	不要
622	＋α	リフォームローン パナソニック	N/A	0	削除			解説		検索なし			対象外	不要
623	＋α	リフォームローン パートでも借りれる	N/A	0	削除			解説		検索なし			対象外	不要
624	＋α	三井住友トラスト パナソニックファイナンス リフォームローン	N/A	30	記事	Do（リフォームローンの書式を確認したい）	書類・手続き	解説	ハウツー記事	書式	リフォームローン_書式		権威構築	補足
625	＋α	三井住友トラスト パナソニックファイナンス リフォームローン 金利	N/A	30	記事	Know（リフォームローンの金利を比較したい）	比較・検討	比較・解説	ガイド記事	金利比較	リフォームローン_金利比較		権威構築	補足
626	＋α	三井住友 パナソニックファイナンス リフォームローン	N/A	20	記事	Do（リフォームローンの書式を確認したい）	書類・手続き	解説	ハウツー記事	書式	リフォームローン_書式		権威構築	補足
627	＋α	パナソニック リフォームローン 金利	N/A	10	記事	Know（リフォームローンの金利を比較したい）	比較・検討	比較・解説	ガイド記事	金利比較	リフォームローン_金利比較		権威構築	補足
628	＋α	paypay銀行 リフォームローン 金利	N/A	0	削除			解説		検索なし			対象外	不要
629	＋α	オリコ プロダクトファイナンス リフォームローン	N/A	70	記事	Do（リフォームローンの書式を確認したい）	書類・手続き	解説	ハウツー記事	書式	リフォームローン_書式		権威構築	補足
630	＋α	プレミア リフォームローン	N/A	0	削除			解説		検索なし			対象外	不要
631	＋α	プレスティア リフォームローン	N/A	0	削除			解説		検索なし			対象外	不要
632	＋α	リフォームローン ペアローン	N/A	20	記事	Do（リフォームローンの書式を確認したい）	書類・手続き	解説	ハウツー記事	書式	リフォームローン_書式		権威構築	補足
633	＋α	リフォームローン ペア	N/A	0	削除			解説		検索なし			対象外	不要
634	＋α	ペイペイ銀行 リフォームローン	N/A	50	記事	Do（リフォームローンの書式を確認したい）	書類・手続き	解説	ハウツー記事	書式	リフォームローン_書式		権威構築	補足
635	＋α	ペイペイ リフォームローン	N/A	0	削除			解説		検索なし			対象外	不要
636	＋α	ポラス リフォームローン	N/A	10	記事	Do（リフォームローンの書式を確認したい）	書類・手続き	解説	ハウツー記事	書式	リフォームローン_書式		権威構築	補足
637	＋α	l&fアセットファイナンス リフォームローン	N/A	0	削除			解説		検索なし			対象外	不要
638	＋α	リフォームローン sbi	33	210	記事	Do（リフォームローンの書式を確認したい）	書類・手続き	解説	ハウツー記事	書式	リフォームローン_書式		権威構築	補足
639	＋α	リフォームローン lixil	N/A	40	記事	Do（リフォームローンの書式を確認したい）	書類・手続き	解説	ハウツー記事	書式	リフォームローン_書式		権威構築	補足
640	＋α	オリコ リフォームローン lixil	N/A	0	削除			解説		検索なし			対象外	不要
